TOKEN	NE-COARSE-LIT	NE-COARSE-METO	NE-FINE-LIT	NE-FINE-METO	NE-FINE-COMP	NE-NESTED	NEL-LIT	NEL-METO	MISC
# hipe2022:original_source = data/preparation/corpus/de/retokenized/Wecklein1894_0008.xmi
# hipe2022:license = CC-BY
# hipe2022:language = de
# hipe2022:document_type = commentary
# hipe2022:document_id = Wecklein1894_0008
# hipe2022:date = 1894-01-01
# hipe2022:dataset = ajmc
# hipe2022:applicable_columns = TOKEN NE-COARSE-LIT NE-FINE-LIT NE-NESTED NEL-LIT MISC
# ajmc:version = v0.3
# ajmc:title = Sophokleus Aias
# ajmc:publication_place = München
# ajmc:publication_date = 1894
# ajmc:page = 8
# ajmc:author = Wecklein, Nikolaus
Leiche	O	_	O	_	_	O	_	_	_
des	O	_	O	_	_	O	_	_	_
Achilleus	O	_	B-pers.myth	_	_	O	Q41746	_	LED0.00
ſich	O	_	O	_	_	O	_	_	_
unterhalten	O	_	O	_	_	O	_	_	_
und	O	_	O	_	_	O	_	_	_
ſchließlich	O	_	O	_	_	O	_	_	_
der	O	_	O	_	_	O	_	_	_
That	O	_	O	_	_	O	_	_	_
des	O	_	O	_	_	O	_	_	_
Odyſſeus	O	_	B-pers.myth	_	_	O	Q47231	_	LED0.00
den	O	_	O	_	_	O	_	_	_
Vorzug	O	_	O	_	_	O	_	_	_
geben	O	_	O	_	_	O	_	_	NoSpaceAfter
.	O	_	O	_	_	O	_	_	EndOfSentence
Darnach	O	_	O	_	_	O	_	_	_
wird	O	_	O	_	_	O	_	_	_
entſchieden	O	_	O	_	_	O	_	_	NoSpaceAfter
.	O	_	O	_	_	O	_	_	EndOfSentence
Im	O	_	O	_	_	O	_	_	_
Unwillen	O	_	O	_	_	O	_	_	_
wird	O	_	O	_	_	O	_	_	_
Aias	B-pers	_	B-pers.myth	_	_	O	Q172725	_	LED0.00
von	O	_	O	_	_	O	_	_	_
Wahnſinn	B-work	_	O	_	_	O	_	_	_
befallen	O	_	O	_	_	O	_	_	_
und	O	_	O	_	_	O	_	_	_
will	O	_	O	_	_	O	_	_	_
in	O	_	O	_	_	O	_	_	_
der	O	_	O	_	_	O	_	_	_
Wut	O	_	O	_	_	O	_	_	_
die	O	_	O	_	_	O	_	_	_
Atriden	B-pers	_	O	_	_	O	_	_	_
und	O	_	O	_	_	O	_	_	_
Odyſſeus	O	_	B-pers.myth	_	_	O	Q47231	_	LED0.00
ermorden	O	_	O	_	_	O	_	_	NoSpaceAfter
,	O	_	O	_	_	O	_	_	_
fällt	O	_	O	_	_	O	_	_	_
aber	O	_	O	_	_	O	_	_	_
über	O	_	O	_	_	O	_	_	_
die	O	_	O	_	_	O	_	_	_
Herden	O	_	O	_	_	O	_	_	_
des	O	_	O	_	_	O	_	_	_
Heeres	O	_	O	_	_	O	_	_	_
her	O	_	O	_	_	O	_	_	NoSpaceAfter
.	O	_	O	_	_	O	_	_	EndOfSentence
Schon	O	_	O	_	_	O	_	_	_
hier	O	_	O	_	_	O	_	_	_
alſo	O	_	O	_	_	O	_	_	_
ſcheint	O	_	O	_	_	O	_	_	_
nicht	O	_	O	_	_	O	_	_	_
die	O	_	O	_	_	O	_	_	_
Kränkung	O	_	O	_	_	O	_	_	_
und	O	_	O	_	_	O	_	_	_
der	O	_	O	_	_	O	_	_	_
Groll	O	_	O	_	_	O	_	_	_
wegen	O	_	O	_	_	O	_	_	_
dieſer	O	_	O	_	_	O	_	_	_
Kränkung	O	_	O	_	_	O	_	_	NoSpaceAfter
,	O	_	O	_	_	O	_	_	_
ſondern	O	_	O	_	_	O	_	_	_
das	O	_	O	_	_	O	_	_	_
Gefühl	O	_	O	_	_	O	_	_	NoSpaceAfter
,	O	_	O	_	_	O	_	_	_
ſich	O	_	O	_	_	O	_	_	_
vor	O	_	O	_	_	O	_	_	_
ſeinen	O	_	O	_	_	O	_	_	_
Feinden	O	_	O	_	_	O	_	_	_
lächerlich	O	_	O	_	_	O	_	_	_
gemacht	O	_	O	_	_	O	_	_	_
zu	O	_	O	_	_	O	_	_	_
haben	O	_	O	_	_	O	_	_	NoSpaceAfter
,	O	_	O	_	_	O	_	_	_
der	O	_	O	_	_	O	_	_	_
Beweggrund	O	_	O	_	_	O	_	_	_
des	O	_	O	_	_	O	_	_	_
Selbſtmordes	O	_	O	_	_	O	_	_	_
zu	O	_	O	_	_	O	_	_	_
ſein	O	_	O	_	_	O	_	_	NoSpaceAfter
.	O	_	O	_	_	O	_	_	EndOfSentence
—	O	_	O	_	_	O	_	_	_
Dramatiſch	O	_	O	_	_	O	_	_	_
war	O	_	O	_	_	O	_	_	_
der	O	_	O	_	_	O	_	_	_
Stoff	O	_	O	_	_	O	_	_	_
vor	O	_	O	_	_	O	_	_	_
Sophokles	O	_	B-pers.author	_	_	O	Q11950683	_	LED0.00
von	O	_	O	_	_	O	_	_	_
Äſchylos	O	_	B-pers.author	_	_	O	Q40939	_	LED0.00
behandelt	O	_	O	_	_	O	_	_	_
worden	O	_	O	_	_	O	_	_	_
in	O	_	O	_	_	O	_	_	_
den	O	_	O	_	_	O	_	_	_
Θροῇσσαι	O	_	B-work.primlit	_	_	O	NIL	_	NoSpaceAfter|LED0.12
,	O	_	O	_	_	O	_	_	_
denen	O	_	O	_	_	O	_	_	_
vielleicht	O	_	O	_	_	O	_	_	_
in	O	_	O	_	_	O	_	_	_
der	O	_	O	_	_	O	_	_	_
Trilogie	O	_	O	_	_	O	_	_	_
das	O	_	O	_	_	O	_	_	_
Stüc>"OnJw»	O	_	B-work.primlit	_	_	O	NIL	_	Partial-5:11|LED0.54
κοίσις	O	_	I-work.primlit	_	_	O	NIL	_	LED0.54
vorherging	O	_	O	_	_	O	_	_	NoSpaceAfter
,	O	_	O	_	_	O	_	_	_
das	O	_	O	_	_	O	_	_	_
Stück	O	_	O	_	_	O	_	_	_
Σαλαμίνιαι	O	_	B-work.primlit	_	_	O	NIL	_	LED0.00
folgte	O	_	O	_	_	O	_	_	NoSpaceAfter
.	O	_	O	_	_	O	_	_	EndOfSentence
In	O	_	O	_	_	O	_	_	_
dem	O	_	O	_	_	O	_	_	_
Drama	O	_	O	_	_	O	_	_	_
Ὅπλων	B-work	_	B-work.primlit	_	_	O	NIL	_	LED0.00
κρίσις	I-work	_	I-work.primlit	_	_	O	NIL	_	LED0.00
mußten	O	_	O	_	_	O	_	_	_
jedenfalls	O	_	O	_	_	O	_	_	_
diejenigen	O	_	O	_	_	O	_	_	NoSpaceAfter
,	O	_	O	_	_	O	_	_	_
nach	O	_	O	_	_	O	_	_	_
deren	O	_	O	_	_	O	_	_	_
Urteil	O	_	O	_	_	O	_	_	_
entſchieden	O	_	O	_	_	O	_	_	_
wurde	O	_	O	_	_	O	_	_	NoSpaceAfter
,	O	_	O	_	_	O	_	_	_
Achäer	O	_	O	_	_	O	_	_	NoSpaceAfter
,	O	_	O	_	_	O	_	_	_
nicht	O	_	O	_	_	O	_	_	_
Troianer	O	_	O	_	_	O	_	_	_
ſein	O	_	O	_	_	O	_	_	NoSpaceAfter
.	O	_	O	_	_	O	_	_	EndOfSentence
Von	O	_	O	_	_	O	_	_	_
den	O	_	O	_	_	O	_	_	_
Θοῇσσαι	O	_	B-work.primlit	_	_	O	NIL	_	LED0.14
(	O	_	O	_	_	O	_	_	NoSpaceAfter
kriegsgefangene	O	_	O	_	_	O	_	_	_
Frauen	O	_	O	_	_	O	_	_	_
bildeten	O	_	O	_	_	O	_	_	_
den	O	_	O	_	_	O	_	_	_
Chor	O	_	O	_	_	O	_	_	NoSpaceAfter
)	O	_	O	_	_	O	_	_	_
erfahren	O	_	O	_	_	O	_	_	_
wir	O	_	O	_	_	O	_	_	_
nur	O	_	O	_	_	O	_	_	_
das	O	_	O	_	_	O	_	_	_
eine	O	_	O	_	_	O	_	_	NoSpaceAfter
,	O	_	O	_	_	O	_	_	_
daß	O	_	O	_	_	O	_	_	_
darin	O	_	O	_	_	O	_	_	_
der	O	_	O	_	_	O	_	_	_
Selbſtmord	O	_	O	_	_	O	_	_	_
des	O	_	O	_	_	O	_	_	_
Aias	O	_	B-pers.myth	_	_	O	Q172725	_	LED0.00
nicht	O	_	O	_	_	O	_	_	_
wie	O	_	O	_	_	O	_	_	_
bei	O	_	O	_	_	O	_	_	_
Sophokles	O	_	B-pers.author	_	_	O	Q11950683	_	LED0.00
auf	O	_	O	_	_	O	_	_	_
der	O	_	O	_	_	O	_	_	_
Bühne	O	_	O	_	_	O	_	_	_
dargeſtellt	O	_	O	_	_	O	_	_	NoSpaceAfter
,	O	_	O	_	_	O	_	_	_
ſondern	O	_	O	_	_	O	_	_	_
durch	O	_	O	_	_	O	_	_	_
einen	O	_	O	_	_	O	_	_	_
Boten	O	_	O	_	_	O	_	_	_
erzählt	O	_	O	_	_	O	_	_	_
war	O	_	O	_	_	O	_	_	NoSpaceAfter
.	O	_	O	_	_	O	_	_	EndOfSentence
Faſt	O	_	O	_	_	O	_	_	_
in	O	_	O	_	_	O	_	_	_
Widerſpruch	O	_	O	_	_	O	_	_	_
mit	O	_	O	_	_	O	_	_	_
der	O	_	O	_	_	O	_	_	_
Rolle	O	_	O	_	_	O	_	_	NoSpaceAfter
,	O	_	O	_	_	O	_	_	_
welche	O	_	O	_	_	O	_	_	_
Odyſſeus	O	_	B-pers.myth	_	_	O	Q47231	_	LED0.00
im	O	_	O	_	_	O	_	_	_
Waffenſtreite	O	_	O	_	_	O	_	_	_
ſpielt	O	_	O	_	_	O	_	_	NoSpaceAfter
,	O	_	O	_	_	O	_	_	_
ſteht	O	_	O	_	_	O	_	_	_
bei	O	_	O	_	_	O	_	_	_
Sophokles	O	_	B-pers.author	_	_	O	Q11950683	_	LED0.00
das	O	_	O	_	_	O	_	_	_
Benehmen	O	_	O	_	_	O	_	_	NoSpaceAfter
,	O	_	O	_	_	O	_	_	_
welches	O	_	O	_	_	O	_	_	_
Odyſſeus	O	_	B-pers.myth	_	_	O	Q47231	_	LED0.00
dem	O	_	O	_	_	O	_	_	_
Aias	O	_	B-pers.myth	_	_	O	Q172725	_	LED0.00
gegenüber	O	_	O	_	_	O	_	_	_
an	O	_	O	_	_	O	_	_	_
den	O	_	O	_	_	O	_	_	_
Tag	O	_	O	_	_	O	_	_	_
legt	O	_	O	_	_	O	_	_	NoSpaceAfter
.	O	_	O	_	_	O	_	_	EndOfSentence
Gleich	O	_	O	_	_	O	_	_	_
im	O	_	O	_	_	O	_	_	_
Prologe	O	_	O	_	_	O	_	_	_
tritt	O	_	O	_	_	O	_	_	_
er	O	_	O	_	_	O	_	_	_
uns	O	_	O	_	_	O	_	_	_
als	O	_	O	_	_	O	_	_	_
ein	O	_	O	_	_	O	_	_	_
edelgeſinnter	O	_	O	_	_	O	_	_	_
Mann	O	_	O	_	_	O	_	_	_
entgegen	O	_	O	_	_	O	_	_	NoSpaceAfter
,	O	_	O	_	_	O	_	_	_
welcher	O	_	O	_	_	O	_	_	_
dem	O	_	O	_	_	O	_	_	_
Aias	B-pers	_	B-pers.myth	_	_	O	Q172725	_	LED0.00
troy	O	_	O	_	_	O	_	_	_
der	O	_	O	_	_	O	_	_	_
Feindſchaft	O	_	O	_	_	O	_	_	_
volle	O	_	O	_	_	O	_	_	_
Gerechtigkeit	O	_	O	_	_	O	_	_	_
widerfahren	O	_	O	_	_	O	_	_	_
läßt	O	_	O	_	_	O	_	_	_
(	O	_	O	_	_	O	_	_	NoSpaceAfter
122	B-scope	_	B-scope	_	_	O	_	_	InPrimaryReference|NoSpaceAfter|LED0.00
)	O	_	O	_	_	O	_	_	NoSpaceAfter
.	O	_	O	_	_	O	_	_	EndOfSentence
So	O	_	O	_	_	O	_	_	_
kann	O	_	O	_	_	O	_	_	_
er	O	_	O	_	_	O	_	_	_
am	O	_	O	_	_	O	_	_	_
Schluſſe	O	_	O	_	_	O	_	_	_
die	O	_	O	_	_	O	_	_	_
Aufgabe	O	_	O	_	_	O	_	_	NoSpaceAfter
erfüllen	O	_	O	_	_	O	_	_	NoSpaceAfter
,	O	_	O	_	_	O	_	_	_
den	O	_	O	_	_	O	_	_	_
Streit	O	_	O	_	_	O	_	_	_
um	O	_	O	_	_	O	_	_	_
die	O	_	O	_	_	O	_	_	_
Leiche	O	_	O	_	_	O	_	_	_
des	O	_	O	_	_	O	_	_	_
Aias	O	_	B-pers.myth	_	_	O	Q172725	_	LED0.00
zu	O	_	O	_	_	O	_	_	_
ſchlichten	O	_	O	_	_	O	_	_	_
und	O	_	O	_	_	O	_	_	_
die	O	_	O	_	_	O	_	_	_
gekränfte	O	_	O	_	_	O	_	_	_
Ehre	O	_	O	_	_	O	_	_	_
des	O	_	O	_	_	O	_	_	_
Helden	O	_	O	_	_	O	_	_	_
wiederherzuſtellen	O	_	O	_	_	O	_	_	NoSpaceAfter
.	O	_	O	_	_	O	_	_	EndOfSentence
Denn	O	_	O	_	_	O	_	_	_
wenn	O	_	O	_	_	O	_	_	_
Odyſſeus	O	_	B-pers.myth	_	_	O	Q47231	_	NoSpaceAfter|LED0.00
,	O	_	O	_	_	O	_	_	_
welcher	O	_	O	_	_	O	_	_	_
im	O	_	O	_	_	O	_	_	_
Waffenſtreite	O	_	O	_	_	O	_	_	_
den	O	_	O	_	_	O	_	_	_
Preis	O	_	O	_	_	O	_	_	_
der	O	_	O	_	_	O	_	_	_
ἀοιστεία	O	_	O	_	_	O	_	_	_
(	O	_	O	_	_	O	_	_	NoSpaceAfter
443	O	_	B-scope	_	_	O	_	_	InPrimaryReference|NoSpaceAfter|LED0.00
)	O	_	O	_	_	O	_	_	_
davongetragen	O	_	O	_	_	O	_	_	_
hat	O	_	O	_	_	O	_	_	NoSpaceAfter
,	O	_	O	_	_	O	_	_	_
den	O	_	O	_	_	O	_	_	_
Aias	O	_	B-pers.myth	_	_	O	Q172725	_	LED0.00
als	O	_	O	_	_	O	_	_	_
den	O	_	O	_	_	O	_	_	_
Beſten	O	_	O	_	_	O	_	_	_
des	O	_	O	_	_	O	_	_	_
Heeres	O	_	O	_	_	O	_	_	_
erklärt	O	_	O	_	_	O	_	_	_
(	O	_	O	_	_	O	_	_	NoSpaceAfter
1340	O	_	B-scope	_	_	O	_	_	InPrimaryReference|LED0.00
f	O	_	I-scope	_	_	O	_	_	InPrimaryReference|NoSpaceAfter|LED0.00
.	O	_	I-scope	_	_	O	_	_	InPrimaryReference|NoSpaceAfter|LED0.00
)	O	_	O	_	_	O	_	_	NoSpaceAfter
,	O	_	O	_	_	O	_	_	_
ſo	O	_	O	_	_	O	_	_	_
iſt	O	_	O	_	_	O	_	_	_
damit	O	_	O	_	_	O	_	_	_
ausgeſprochen	O	_	O	_	_	O	_	_	NoSpaceAfter
,	O	_	O	_	_	O	_	_	_
daß	O	_	O	_	_	O	_	_	_
dieſem	O	_	O	_	_	O	_	_	_
Unrecht	O	_	O	_	_	O	_	_	_
widerfahren	O	_	O	_	_	O	_	_	_
iſt	O	_	O	_	_	O	_	_	NoSpaceAfter
.	O	_	O	_	_	O	_	_	EndOfSentence
Man	O	_	O	_	_	O	_	_	_
ſieht	O	_	O	_	_	O	_	_	_
daraus	O	_	O	_	_	O	_	_	NoSpaceAfter
,	O	_	O	_	_	O	_	_	_
daß	O	_	O	_	_	O	_	_	_
Sophokles	O	_	B-pers.author	_	_	O	Q11950683	_	LED0.00
die	O	_	O	_	_	O	_	_	_
wiederhergeſtellte	O	_	O	_	_	O	_	_	_
Ehre	O	_	O	_	_	O	_	_	_
des	O	_	O	_	_	O	_	_	_
Aias	O	_	B-pers.myth	_	_	O	Q172725	_	LED0.00
ſich	O	_	O	_	_	O	_	_	_
als	O	_	O	_	_	O	_	_	_
Ziel	O	_	O	_	_	O	_	_	_
der	O	_	O	_	_	O	_	_	_
Handlung	O	_	O	_	_	O	_	_	_
gedacht	O	_	O	_	_	O	_	_	_
hat	O	_	O	_	_	O	_	_	NoSpaceAfter
.	O	_	O	_	_	O	_	_	EndOfSentence

# hipe2022:original_source = data/preparation/corpus/de/retokenized/Wecklein1894_0022.xmi
# hipe2022:license = CC-BY
# hipe2022:language = de
# hipe2022:document_type = commentary
# hipe2022:document_id = Wecklein1894_0022
# hipe2022:date = 1894-01-01
# hipe2022:dataset = ajmc
# hipe2022:applicable_columns = TOKEN NE-COARSE-LIT NE-FINE-LIT NE-NESTED NEL-LIT MISC
# ajmc:version = v0.3
# ajmc:title = Sophokleus Aias
# ajmc:publication_place = München
# ajmc:publication_date = 1894
# ajmc:page = 22
# ajmc:author = Wecklein, Nikolaus
wie	O	_	O	_	_	O	_	_	_
1401	O	_	O	_	_	O	_	_	NoSpaceAfter
.	O	_	O	_	_	O	_	_	EndOfSentence
100	O	_	O	_	_	O	_	_	NoSpaceAfter
.	O	_	O	_	_	O	_	_	_
Sarkaſtiſch	O	_	O	_	_	O	_	_	_
wie	O	_	O	_	_	O	_	_	_
Ant	O	_	B-work.primlit	_	_	O	Q241077	_	InPrimaryReference|NoSpaceAfter|LED0.00
.	O	_	I-work.primlit	_	_	O	Q241077	_	InPrimaryReference|LED0.00
810	O	_	B-scope	_	_	O	_	_	InPrimaryReference|NoSpaceAfter|LED0.33
.	O	_	O	_	_	O	_	_	InPrimaryReference
747	O	_	B-scope	_	_	O	_	_	InPrimaryReference|NoSpaceAfter|LED0.00
.	O	_	O	_	_	O	_	_	_
10	O	_	O	_	_	O	_	_	NoSpaceAfter
]	O	_	O	_	_	O	_	_	NoSpaceAfter
.	O	_	O	_	_	O	_	_	_
εἶεν	O	_	O	_	_	O	_	_	_
(	O	_	O	_	_	O	_	_	NoSpaceAfter
eine	O	_	O	_	_	O	_	_	_
Nebenform	O	_	O	_	_	O	_	_	NoSpaceAfter
zu	O	_	O	_	_	O	_	_	_
εἶα	O	_	O	_	_	O	_	_	_
wie	O	_	O	_	_	O	_	_	_
αἰέν	O	_	O	_	_	O	_	_	_
zu	O	_	O	_	_	O	_	_	_
αἰεί	O	_	O	_	_	O	_	_	NoSpaceAfter
)	O	_	O	_	_	O	_	_	NoSpaceAfter
,	O	_	O	_	_	O	_	_	_
τί	O	_	O	_	_	O	_	_	_
γάρ	O	_	O	_	_	O	_	_	_
(	O	_	O	_	_	O	_	_	NoSpaceAfter
„	O	_	O	_	_	O	_	_	NoSpaceAfter
ja	O	_	O	_	_	O	_	_	_
was	O	_	O	_	_	O	_	_	NoSpaceAfter
“	O	_	O	_	_	O	_	_	NoSpaceAfter
)	O	_	O	_	_	O	_	_	NoSpaceAfter
:	O	_	O	_	_	O	_	_	_
γάρ	O	_	O	_	_	O	_	_	_
bezieht	O	_	O	_	_	O	_	_	_
ſich	O	_	O	_	_	O	_	_	_
auf	O	_	O	_	_	O	_	_	_
den	O	_	O	_	_	O	_	_	_
Gedanken	O	_	O	_	_	O	_	_	_
„	O	_	O	_	_	O	_	_	NoSpaceAfter
wir	O	_	O	_	_	O	_	_	_
vergeſſen	O	_	O	_	_	O	_	_	_
etwas	O	_	O	_	_	O	_	_	NoSpaceAfter
“	O	_	O	_	_	O	_	_	NoSpaceAfter
,	O	_	O	_	_	O	_	_	_
„	O	_	O	_	_	O	_	_	NoSpaceAfter
von	O	_	O	_	_	O	_	_	_
Einem	O	_	O	_	_	O	_	_	_
iſt	O	_	O	_	_	O	_	_	_
nicht	O	_	O	_	_	O	_	_	_
die	O	_	O	_	_	O	_	_	_
Rede	O	_	O	_	_	O	_	_	NoSpaceAfter
“	O	_	O	_	_	O	_	_	NoSpaceAfter
.	O	_	O	_	_	O	_	_	EndOfSentence
Ähnlich	O	_	O	_	_	O	_	_	_
983	O	_	B-scope	_	_	O	_	_	InPrimaryReference|NoSpaceAfter|LED0.00
,	O	_	O	_	_	O	_	_	_
wo	O	_	O	_	_	O	_	_	_
auch	O	_	O	_	_	O	_	_	_
die	O	_	O	_	_	O	_	_	_
gleiche	O	_	O	_	_	O	_	_	_
Ellipſe	O	_	O	_	_	O	_	_	_
(	O	_	O	_	_	O	_	_	NoSpaceAfter
πράττει	O	_	O	_	_	O	_	_	NoSpaceAfter
,	O	_	O	_	_	O	_	_	_
oder	O	_	O	_	_	O	_	_	_
vielmehr	O	_	O	_	_	O	_	_	_
„	O	_	O	_	_	O	_	_	NoSpaceAfter
was	O	_	O	_	_	O	_	_	_
iſt	O	_	O	_	_	O	_	_	_
es	O	_	O	_	_	O	_	_	_
mit	O	_	O	_	_	O	_	_	NoSpaceAfter
“	O	_	O	_	_	O	_	_	NoSpaceAfter
)	O	_	O	_	_	O	_	_	NoSpaceAfter
,	O	_	O	_	_	O	_	_	_
Phil	O	_	B-work.primlit	_	_	O	Q1415903	_	InPrimaryReference|NoSpaceAfter|LED0.00
.	O	_	I-work.primlit	_	_	O	Q1415903	_	InPrimaryReference|LED0.00
654	O	_	B-scope	_	_	O	_	_	InPrimaryReference|LED0.33
ἀλλ᾽	O	_	O	_	_	O	_	_	_
ἔκφερ᾽	O	_	O	_	_	O	_	_	_
αὐτό"	O	_	O	_	_	O	_	_	_
τί	O	_	O	_	_	O	_	_	_
γὰρ	O	_	O	_	_	O	_	_	_
ἔτ᾽	O	_	O	_	_	O	_	_	_
ἄλλ᾽	O	_	O	_	_	O	_	_	_
ἐρᾷς	O	_	O	_	_	O	_	_	_
λαβεῖν	O	_	O	_	_	O	_	_	NoSpaceAfter
,	O	_	O	_	_	O	_	_	_
1405	O	_	B-scope	_	_	O	_	_	InPrimaryReference|NoSpaceAfter|LED0.00
.	O	_	O	_	_	O	_	_	EndOfSentence
102	O	_	O	_	_	O	_	_	NoSpaceAfter
.	O	_	O	_	_	O	_	_	_
ποῦ	O	_	O	_	_	O	_	_	NoSpaceAfter
.	O	_	O	_	_	O	_	_	NoSpaceAfter
.	O	_	O	_	_	O	_	_	NoSpaceAfter
.	O	_	O	_	_	O	_	_	_
ἕστηκεν	O	_	O	_	_	O	_	_	NoSpaceAfter
;	O	_	O	_	_	O	_	_	_
„	O	_	O	_	_	O	_	_	NoSpaceAfter
was	O	_	O	_	_	O	_	_	_
haſt	O	_	O	_	_	O	_	_	_
du	O	_	O	_	_	O	_	_	_
mit	O	_	O	_	_	O	_	_	_
ihm	O	_	O	_	_	O	_	_	_
angefangen	O	_	O	_	_	O	_	_	_
?	O	_	O	_	_	O	_	_	NoSpaceAfter
“	O	_	O	_	_	O	_	_	_
ἕστηκεν	O	_	O	_	_	O	_	_	_
wie	O	_	O	_	_	O	_	_	_
βέβηκεν	O	_	O	_	_	O	_	_	_
ausdrucksvoller	O	_	O	_	_	O	_	_	_
als	O	_	O	_	_	O	_	_	_
ἐστί	O	_	O	_	_	O	_	_	NoSpaceAfter
.	O	_	O	_	_	O	_	_	EndOfSentence
1083	O	_	O	_	_	O	_	_	NoSpaceAfter
.	O	_	O	_	_	O	_	_	_
ὅπου	O	_	O	_	_	O	_	_	_
(	O	_	O	_	_	O	_	_	NoSpaceAfter
τύχης	O	_	O	_	_	O	_	_	_
ἕστηκεν).	O	_	O	_	_	O	_	_	NoSpaceAfter
104	O	_	O	_	_	O	_	_	NoSpaceAfter
.	O	_	O	_	_	O	_	_	_
Ὀδυσσέα	O	_	O	_	_	O	_	_	_
dreiſilbig	O	_	O	_	_	O	_	_	NoSpaceAfter
.	O	_	O	_	_	O	_	_	EndOfSentence
107	O	_	O	_	_	O	_	_	NoSpaceAfter
.	O	_	O	_	_	O	_	_	_
πρὶν	O	_	O	_	_	O	_	_	_
ἂν	O	_	O	_	_	O	_	_	_
τί	O	_	O	_	_	O	_	_	NoSpaceAfter
:	O	_	O	_	_	O	_	_	_
zu	O	_	O	_	_	O	_	_	_
77	O	_	B-scope	_	_	O	_	_	InPrimaryReference|NoSpaceAfter|LED0.00
.	O	_	O	_	_	O	_	_	EndOfSentence
—	O	_	O	_	_	O	_	_	_
κεοδάνῃς	O	_	O	_	_	O	_	_	_
im	O	_	O	_	_	O	_	_	_
Sinne	O	_	O	_	_	O	_	_	_
der	O	_	O	_	_	O	_	_	_
Befriedigung	O	_	O	_	_	O	_	_	_
einer	O	_	O	_	_	O	_	_	_
Luſt	O	_	O	_	_	O	_	_	NoSpaceAfter
.	O	_	O	_	_	O	_	_	EndOfSentence
108	O	_	O	_	_	O	_	_	NoSpaceAfter
.	O	_	O	_	_	O	_	_	_
Nach	O	_	O	_	_	O	_	_	_
dieſem	O	_	O	_	_	O	_	_	_
Verſe	O	_	O	_	_	O	_	_	_
erſcholl	O	_	O	_	_	O	_	_	_
wahrſcheinlich	O	_	O	_	_	O	_	_	_
das	O	_	O	_	_	O	_	_	_
303	O	_	B-scope	_	_	O	_	_	InPrimaryReference|LED0.00
erwähnte	O	_	O	_	_	O	_	_	_
Lachen	O	_	O	_	_	O	_	_	NoSpaceAfter
,	O	_	O	_	_	O	_	_	_
das	O	_	O	_	_	O	_	_	_
ſprichwörtlich	O	_	O	_	_	O	_	_	_
wurde	O	_	O	_	_	O	_	_	_
(	O	_	O	_	_	O	_	_	NoSpaceAfter
(Aldyτειος	O	_	O	_	_	O	_	_	NoSpaceAfter
γέλως	O	_	O	_	_	O	_	_	_
*	O	_	O	_	_	O	_	_	_
ἐπὶ	O	_	O	_	_	O	_	_	_
τῶν	O	_	O	_	_	O	_	_	_
παραφρόνως	O	_	O	_	_	O	_	_	_
γελώντων	O	_	O	_	_	O	_	_	_
Benob	O	_	B-pers.author	_	_	O	Q189699	_	InPrimaryReference|NoSpaceAfter|LED0.17
.	O	_	I-pers.author	_	_	O	Q189699	_	InPrimaryReference|LED0.17
1	O	_	B-scope	_	_	O	_	_	InPrimaryReference|LED0.25
43	O	_	I-scope	_	_	O	_	_	InPrimaryReference|NoSpaceAfter|LED0.25
)	O	_	O	_	_	O	_	_	NoSpaceAfter
,	O	_	O	_	_	O	_	_	_
ein	O	_	O	_	_	O	_	_	_
Lachen	O	_	O	_	_	O	_	_	_
voll	O	_	O	_	_	O	_	_	_
tragiſcher	O	_	O	_	_	O	_	_	_
Ironie	O	_	O	_	_	O	_	_	NoSpaceAfter
.	O	_	O	_	_	O	_	_	EndOfSentence
110	O	_	O	_	_	O	_	_	NoSpaceAfter
.	O	_	O	_	_	O	_	_	_
Wenn	O	_	O	_	_	O	_	_	_
ſich	O	_	O	_	_	O	_	_	_
auch	O	_	O	_	_	O	_	_	_
ϑάνῃ	O	_	O	_	_	O	_	_	_
an	O	_	O	_	_	O	_	_	_
πρὶν	O	_	O	_	_	O	_	_	_
ἂν	O	_	O	_	_	O	_	_	_
anſchließt	O	_	O	_	_	O	_	_	NoSpaceAfter
,	O	_	O	_	_	O	_	_	_
ſo	O	_	O	_	_	O	_	_	_
ſchwebt	O	_	O	_	_	O	_	_	_
doch	O	_	O	_	_	O	_	_	_
das	O	_	O	_	_	O	_	_	_
genaue	O	_	O	_	_	O	_	_	_
Verhältnis	O	_	O	_	_	O	_	_	_
des	O	_	O	_	_	O	_	_	_
Satzes	O	_	O	_	_	O	_	_	NoSpaceAfter
,	O	_	O	_	_	O	_	_	_
welches	O	_	O	_	_	O	_	_	_
ϑανεῖν	O	_	O	_	_	O	_	_	_
οὔτι	O	_	O	_	_	O	_	_	_
πῶ	O	_	O	_	_	O	_	_	_
ϑέλω	O	_	O	_	_	O	_	_	NoSpaceAfter
,	O	_	O	_	_	O	_	_	_
πρὶν	O	_	O	_	_	O	_	_	_
ἂν	O	_	O	_	_	O	_	_	_
φοινιχϑῇ	O	_	O	_	_	O	_	_	_
verlangt	O	_	O	_	_	O	_	_	NoSpaceAfter
,	O	_	O	_	_	O	_	_	_
nicht	O	_	O	_	_	O	_	_	_
mehr	O	_	O	_	_	O	_	_	_
ſo	O	_	O	_	_	O	_	_	_
deutlich	O	_	O	_	_	O	_	_	_
vor	O	_	O	_	_	O	_	_	NoSpaceAfter
,	O	_	O	_	_	O	_	_	_
daß	O	_	O	_	_	O	_	_	_
nicht	O	_	O	_	_	O	_	_	_
πρῶτον	O	_	O	_	_	O	_	_	_
und	O	_	O	_	_	O	_	_	_
ϑάνῃ	O	_	O	_	_	O	_	_	_
der	O	_	O	_	_	O	_	_	_
Klarheit	O	_	O	_	_	O	_	_	_
des	O	_	O	_	_	O	_	_	_
Gedankens	O	_	O	_	_	O	_	_	_
dienten	O	_	O	_	_	O	_	_	NoSpaceAfter
.	O	_	O	_	_	O	_	_	EndOfSentence
111	O	_	O	_	_	O	_	_	NoSpaceAfter
.	O	_	O	_	_	O	_	_	_
αἱ	O	_	O	_	_	O	_	_	NoSpaceAfter
-	O	_	O	_	_	O	_	_	_
zion	O	_	O	_	_	O	_	_	NoSpaceAfter
:	O	_	O	_	_	O	_	_	_
es	O	_	O	_	_	O	_	_	_
war	O	_	O	_	_	O	_	_	_
eine	O	_	O	_	_	O	_	_	_
Beſtrafung	O	_	O	_	_	O	_	_	_
für	O	_	O	_	_	O	_	_	_
Sklaven	O	_	O	_	_	O	_	_	_
(	O	_	O	_	_	O	_	_	NoSpaceAfter
xoeuaoroi	O	O	O	O	O	O	_	_	_
Ant	O	_	B-work.primlit	_	_	O	Q241077	_	InPrimaryReference|NoSpaceAfter|LED0.00
.	I-work	_	I-work.primlit	_	_	O	Q241077	_	InPrimaryReference|LED0.00
309	B-scope	_	B-scope	_	_	O	_	_	InPrimaryReference|NoSpaceAfter|LED0.00
,	O	_	O	_	_	O	_	_	_
patibulum,	O	_	O	_	_	O	_	_	NoSpaceAfter
crux	O	_	O	_	_	O	_	_	NoSpaceAfter
)	O	_	O	_	_	O	_	_	NoSpaceAfter
.	O	_	O	_	_	O	_	_	EndOfSentence
112	O	_	O	_	_	O	_	_	NoSpaceAfter
.	O	_	O	_	_	O	_	_	_
yaigew	O	_	O	_	_	O	_	_	_
σε	O	_	O	_	_	O	_	_	_
(	O	_	O	_	_	O	_	_	NoSpaceAfter
Ὁ	O	_	O	_	_	O	_	_	NoSpaceAfter
.	O	_	O	_	_	O	_	_	_
i	B-pers	_	O	_	_	O	_	_	NoSpaceAfter
.	O	_	O	_	_	O	_	_	_
dir	O	_	O	_	_	O	_	_	_
na	O	_	O	_	_	O	_	_	NoSpaceAfter
;	O	_	O	_	_	O	_	_	_
Wunſch	O	_	O	_	_	O	_	_	_
gehen	O	_	O	_	_	O	_	_	NoSpaceAfter
)	O	_	O	_	_	O	_	_	_
ἐφίεμαι	O	_	O	_	_	O	_	_	_
unterſcheidet	O	_	O	_	_	O	_	_	_
ſich	O	_	O	_	_	O	_	_	_
von	O	_	O	_	_	O	_	_	_
der	O	_	O	_	_	O	_	_	_
abweiſenden	O	_	O	_	_	O	_	_	_
Formel	O	_	O	_	_	O	_	_	_
χαίρειν	O	_	O	_	_	O	_	_	_
o	O	_	O	_	_	O	_	_	_
κελεύω	O	_	O	_	_	O	_	_	_
(	O	_	O	_	_	O	_	_	NoSpaceAfter
valere	O	_	O	_	_	O	_	_	_
te	O	_	O	_	_	O	_	_	_
inbeo	O	_	O	_	_	O	_	_	NoSpaceAfter
)	O	_	O	_	_	O	_	_	NoSpaceAfter
.	O	_	O	_	_	O	_	_	_
Vgl	O	_	O	_	_	O	_	_	NoSpaceAfter
.	O	_	O	_	_	O	_	_	_
auch	O	_	O	_	_	O	_	_	_
zu	O	_	O	_	_	O	_	_	_
Od	O	_	B-work.primlit	_	_	O	Q35160	_	InPrimaryReference|NoSpaceAfter|LED0.33
.	O	_	I-work.primlit	_	_	O	Q35160	_	InPrimaryReference|LED0.33
T	O	_	B-scope	_	_	O	_	_	InPrimaryReference|NoSpaceAfter|LED0.00
.	O	_	I-scope	_	_	O	_	_	InPrimaryReference|LED0.00
859	O	_	I-scope	_	_	O	_	_	InPrimaryReference|NoSpaceAfter|LED0.00
.	O	_	O	_	_	O	_	_	EndOfSentence
114	O	_	O	_	_	O	_	_	NoSpaceAfter
.	O	_	O	_	_	O	_	_	_
Die	O	_	O	_	_	O	_	_	_
nähere	O	_	O	_	_	O	_	_	_
Beſtimmung	O	_	O	_	_	O	_	_	_
zu	O	_	O	_	_	O	_	_	_
τὸ	O	_	O	_	_	O	_	_	_
δρᾶν	O	_	O	_	_	O	_	_	_
(	O	_	O	_	_	O	_	_	NoSpaceAfter
τόδε	O	_	O	_	_	O	_	_	NoSpaceAfter
)	O	_	O	_	_	O	_	_	_
hat	O	_	O	_	_	O	_	_	_
ſich	O	_	O	_	_	O	_	_	_
an	O	_	O	_	_	O	_	_	_
τέοψις	O	_	O	_	_	O	_	_	_
angeſchloſſen	O	_	O	_	_	O	_	_	_
(	O	_	O	_	_	O	_	_	NoSpaceAfter
de	O	_	O	_	_	O	_	_	NoSpaceAfter
)	O	_	O	_	_	O	_	_	NoSpaceAfter
,	O	_	O	_	_	O	_	_	_
wie	O	_	O	_	_	O	_	_	_
ſich	O	_	O	_	_	O	_	_	_
beſonders	O	_	O	_	_	O	_	_	NoSpaceAfter
bei	O	_	O	_	_	O	_	_	_
den	O	_	O	_	_	O	_	_	_
Ausdrücken	O	_	O	_	_	O	_	_	_
des	O	_	O	_	_	O	_	_	_
Verlangens	O	_	O	_	_	O	_	_	_
das	O	_	O	_	_	O	_	_	_
Objekt	O	_	O	_	_	O	_	_	_
des	O	_	O	_	_	O	_	_	_
Infin	O	_	O	_	_	O	_	_	NoSpaceAfter
.	O	_	O	_	_	O	_	_	_
mit	O	_	O	_	_	O	_	_	_
dem	O	_	O	_	_	O	_	_	_
verb	O	_	O	_	_	O	_	_	NoSpaceAfter
.	O	_	O	_	_	O	_	_	_
fin	O	_	O	_	_	O	_	_	NoSpaceAfter
.	O	_	O	_	_	O	_	_	_
verbindet	O	_	O	_	_	O	_	_	_
(	O	_	O	_	_	O	_	_	NoSpaceAfter
3	O	_	O	_	_	O	_	_	NoSpaceAfter
.	O	_	O	_	_	O	_	_	_
B	O	_	O	_	_	O	_	_	NoSpaceAfter
.	O	_	O	_	_	O	_	_	_
φιλίου	O	_	O	_	_	O	_	_	_
zo	O	_	O	_	_	O	_	_	NoSpaceAfter
)	O	_	O	_	_	O	_	_	_
Co	O	_	O	_	_	O	_	_	_
στόιιατος	O	_	O	_	_	O	_	_	_
παίδων	O	_	O	_	_	O	_	_	_
προσπτύξασϑαι	O	_	O	_	_	O	_	_	_
Eur	O	_	B-pers.author	_	_	O	Q48305	_	InPrimaryReference|NoSpaceAfter|LED0.00
.	O	_	I-pers.author	_	_	O	Q48305	_	InPrimaryReference|LED0.00
Med	O	_	B-work.primlit	_	_	O	Q286381	_	InPrimaryReference|NoSpaceAfter|LED0.00
.	O	_	I-work.primlit	_	_	O	Q286381	_	InPrimaryReference|LED0.00
1399	O	_	B-scope	_	_	O	_	_	InPrimaryReference|NoSpaceAfter|LED0.00
)	O	_	O	_	_	O	_	_	NoSpaceAfter
.	O	_	O	_	_	O	_	_	EndOfSentence
Über	O	_	O	_	_	O	_	_	_
den	O	_	O	_	_	O	_	_	_
bei	O	_	O	_	_	O	_	_	_
den	O	_	O	_	_	O	_	_	_
Dramatikern	O	_	O	_	_	O	_	_	_
nicht	O	_	O	_	_	O	_	_	_
ſeltenen	O	_	O	_	_	O	_	_	_
Ge	O	_	O	_	_	O	_	_	NoSpaceAfter
-	O	_	O	_	_	O	_	_	EndOfSentence

# hipe2022:original_source = data/preparation/corpus/de/retokenized/Wecklein1894_0023.xmi
# hipe2022:license = CC-BY
# hipe2022:language = de
# hipe2022:document_type = commentary
# hipe2022:document_id = Wecklein1894_0023
# hipe2022:date = 1894-01-01
# hipe2022:dataset = ajmc
# hipe2022:applicable_columns = TOKEN NE-COARSE-LIT NE-FINE-LIT NE-NESTED NEL-LIT MISC
# ajmc:version = v0.3
# ajmc:title = Sophokleus Aias
# ajmc:publication_place = München
# ajmc:publication_date = 1894
# ajmc:page = 23
# ajmc:author = Wecklein, Nikolaus
brauch	O	_	O	_	_	O	_	_	_
des	O	_	O	_	_	O	_	_	_
Artikels	O	_	O	_	_	O	_	_	_
beim	O	_	O	_	_	O	_	_	_
Infinitiv	O	_	O	_	_	O	_	_	_
ſtatt	O	_	O	_	_	O	_	_	_
des	O	_	O	_	_	O	_	_	_
bloßen	O	_	O	_	_	O	_	_	_
Infin	O	_	O	_	_	O	_	_	NoSpaceAfter
.	O	_	O	_	_	O	_	_	_
vgl	O	_	O	_	_	O	_	_	NoSpaceAfter
.	O	_	O	_	_	O	_	_	_
Kr	O	_	B-pers.author	_	_	O	_	_	InSecondaryReference|NoSpaceAfter|LED0.00
.	O	_	I-pers.author	_	_	O	_	_	InSecondaryReference|LED0.00
II	O	_	B-scope	_	_	O	_	_	InSecondaryReference|LED0.08
8	O	_	I-scope	_	_	O	_	_	InSecondaryReference|LED0.08
50	O	_	I-scope	_	_	O	_	_	InSecondaryReference|NoSpaceAfter|LED0.08
,	O	_	I-scope	_	_	O	_	_	InSecondaryReference|LED0.08
6	O	_	I-scope	_	_	O	_	_	InSecondaryReference|NoSpaceAfter|LED0.08
,	O	_	I-scope	_	_	O	_	_	InSecondaryReference|LED0.08
6	O	_	I-scope	_	_	O	_	_	InSecondaryReference|NoSpaceAfter|LED0.08
.	O	_	O	_	_	O	_	_	EndOfSentence
115	O	_	O	_	_	O	_	_	NoSpaceAfter
.	O	_	O	_	_	O	_	_	_
γρῶ	B-work	_	O	_	_	O	_	_	_
χγειοί	O	_	O	_	_	O	_	_	_
eine	O	_	O	_	_	O	_	_	_
beabſichtigte	O	_	O	_	_	O	_	_	_
Alliteration	O	_	O	_	_	O	_	_	_
wie	O	_	O	_	_	O	_	_	_
wohl	O	_	O	_	_	O	_	_	_
auch	O	_	O	_	_	O	_	_	_
ϑακεῖ"	O	_	O	_	_	O	_	_	_
ϑανεῖν	O	_	O	_	_	O	_	_	_
106	O	_	B-scope	_	_	O	_	_	InPrimaryReference|NoSpaceAfter|LED0.00
.	O	_	O	_	_	O	_	_	EndOfSentence
—	O	_	O	_	_	O	_	_	_
φείδου	O	_	O	_	_	O	_	_	_
μηδέν	O	_	O	_	_	O	_	_	_
(	O	_	O	_	_	O	_	_	NoSpaceAfter
und	B-pers	_	O	_	_	O	_	_	_
οὐδὲν	O	_	O	_	_	O	_	_	_
φείδεσϑαι	B-pers	_	O	_	_	O	_	_	NoSpaceAfter
)	O	_	O	_	_	O	_	_	_
findet	O	_	O	_	_	O	_	_	_
ſich	O	_	O	_	_	O	_	_	_
öfters	O	_	O	_	_	O	_	_	NoSpaceAfter
,	O	_	O	_	_	O	_	_	_
auch	O	_	O	_	_	O	_	_	_
ohne	O	_	O	_	_	O	_	_	_
abhängigen	O	_	O	_	_	O	_	_	_
Gen	O	_	O	_	_	O	_	_	NoSpaceAfter
.	O	_	O	_	_	O	_	_	_
wie	O	_	O	_	_	O	_	_	_
Eur	O	_	B-pers.author	_	_	O	Q48305	_	InPrimaryReference|NoSpaceAfter|LED0.00
.	O	_	I-pers.author	_	_	O	Q48305	_	InPrimaryReference|LED0.00
Hek	O	_	B-work.primlit	_	_	O	Q1115611	_	InPrimaryReference|NoSpaceAfter|LED0.00
.	O	_	I-work.primlit	_	_	O	Q1115611	_	InPrimaryReference|LED0.00
1044	O	_	B-scope	_	_	O	_	_	InPrimaryReference|LED0.00
ἄοασσε	O	_	O	_	_	O	_	_	NoSpaceAfter
,	O	_	O	_	_	O	_	_	_
φείδου	O	_	O	_	_	O	_	_	_
μηδέν	O	_	O	_	_	O	_	_	NoSpaceAfter
.	O	_	O	_	_	O	_	_	EndOfSentence
116	O	_	O	_	_	O	_	_	_
f	O	_	O	_	_	O	_	_	NoSpaceAfter
.	O	_	O	_	_	O	_	_	_
In	O	_	O	_	_	O	_	_	_
τοῦτό	O	_	O	_	_	O	_	_	_
σοι	O	_	O	_	_	O	_	_	_
ds	O	_	O	_	_	O	_	_	_
wird	O	_	O	_	_	O	_	_	_
τοῦτο	O	_	O	_	_	O	_	_	_
durch	O	_	O	_	_	O	_	_	_
die	O	_	O	_	_	O	_	_	_
Stellung	O	_	O	_	_	O	_	_	_
von	O	_	O	_	_	O	_	_	_
de	O	_	O	_	_	O	_	_	_
gehoben	O	_	O	_	_	O	_	_	_
(	O	_	O	_	_	O	_	_	NoSpaceAfter
„	O	_	O	_	_	O	_	_	NoSpaceAfter
nur	O	_	O	_	_	O	_	_	_
das	O	_	O	_	_	O	_	_	_
eine	O	_	O	_	_	O	_	_	_
noch	O	_	O	_	_	O	_	_	NoSpaceAfter
“	O	_	O	_	_	O	_	_	NoSpaceAfter
)	O	_	O	_	_	O	_	_	NoSpaceAfter
.	O	_	O	_	_	O	_	_	_
Vgl	O	_	O	_	_	O	_	_	NoSpaceAfter
.	O	_	O	_	_	O	_	_	_
Eurip	O	_	B-pers.author	_	_	O	Q48305	_	InPrimaryReference|NoSpaceAfter|LED0.00
.	O	_	I-pers.author	_	_	O	Q48305	_	InPrimaryReference|LED0.00
Fragm	O	_	B-scope	_	_	O	_	_	InPrimaryReference|NoSpaceAfter|LED0.00
.	O	_	I-scope	_	_	O	_	_	InPrimaryReference|LED0.00
776	O	_	I-scope	_	_	O	_	_	InPrimaryReference|NoSpaceAfter|LED0.00
,	O	_	I-scope	_	_	O	_	_	InPrimaryReference|LED0.00
1	O	_	I-scope	_	_	O	_	_	InPrimaryReference|LED0.00
τοῖς	O	_	O	_	_	O	_	_	_
πλουτοῦσι	O	_	O	_	_	O	_	_	_
τοῦτο	O	_	O	_	_	O	_	_	_
δ᾽	O	_	O	_	_	O	_	_	_
ἔμφυτον	O	_	O	_	_	O	_	_	NoSpaceAfter
.	O	_	O	_	_	O	_	_	EndOfSentence
Die	O	_	O	_	_	O	_	_	_
Bitte	O	_	O	_	_	O	_	_	_
enthält	O	_	O	_	_	O	_	_	_
eine	O	_	O	_	_	O	_	_	_
herbe	O	_	O	_	_	O	_	_	_
tragiſche	O	_	O	_	_	O	_	_	_
Ironie	O	_	O	_	_	O	_	_	NoSpaceAfter
.	O	_	O	_	_	O	_	_	EndOfSentence
119	O	_	O	_	_	O	_	_	_
f	O	_	O	_	_	O	_	_	NoSpaceAfter
.	O	_	O	_	_	O	_	_	_
yüoe0n	O	_	O	_	_	O	_	_	_
ἂν	O	_	O	_	_	O	_	_	_
bedeutet	O	_	O	_	_	O	_	_	_
für	O	_	O	_	_	O	_	_	_
die	O	_	O	_	_	O	_	_	_
Vergangenheit	O	_	O	_	_	O	_	_	_
das	O	_	O	_	_	O	_	_	_
Gleiche	O	_	O	_	_	O	_	_	_
was	O	_	O	_	_	O	_	_	_
εὑοεϑείη	O	_	O	_	_	O	_	_	_
ἂν	O	_	O	_	_	O	_	_	_
für	O	_	O	_	_	O	_	_	_
die	O	_	O	_	_	O	_	_	_
Gegenwart	O	_	O	_	_	O	_	_	_
bedeutet	O	_	O	_	_	O	_	_	NoSpaceAfter
.	O	_	O	_	_	O	_	_	_
Vgl	O	_	O	_	_	O	_	_	NoSpaceAfter
.	O	_	O	_	_	O	_	_	_
ἔτλη	O	_	O	_	_	O	_	_	_
ποτ᾽	O	_	O	_	_	O	_	_	_
ἄν	O	_	O	_	_	O	_	_	_
411	O	_	B-scope	_	_	O	_	_	InPrimaryReference|NoSpaceAfter|LED0.00
,	O	_	O	_	_	O	_	_	_
οὐκ	O	_	O	_	_	O	_	_	_
ἂν	O	_	O	_	_	O	_	_	_
ηὗρες	O	_	O	_	_	O	_	_	_
1144	O	_	B-scope	_	_	O	_	_	InPrimaryReference|NoSpaceAfter|LED0.00
,	O	_	O	_	_	O	_	_	_
Ant	O	_	B-work.primlit	_	_	O	Q241077	_	InPrimaryReference|NoSpaceAfter|LED0.00
.	O	_	I-work.primlit	_	_	O	Q241077	_	InPrimaryReference|LED0.00
502	O	_	B-scope	_	_	O	_	_	InPrimaryReference|LED0.00
πόϑεν	O	_	O	_	_	O	_	_	_
κλέος	O	_	O	_	_	O	_	_	_
γ᾽	O	_	O	_	_	O	_	_	_
ἂν	O	_	O	_	_	O	_	_	_
εὐκλεέστεοον	O	_	O	_	_	O	_	_	_
κατέσχον	O	_	O	_	_	O	_	_	_
ἢ	O	_	O	_	_	O	_	_	_
τὸν	O	_	O	_	_	O	_	_	_
αὐτάδελφον	O	_	O	_	_	O	_	_	_
ἐν	O	_	O	_	_	O	_	_	_
τάφῳ	O	_	O	_	_	O	_	_	_
τιϑεῖσα	O	_	O	_	_	O	_	_	NoSpaceAfter
;	O	_	O	_	_	O	_	_	_
Ko	O	_	B-pers.author	_	_	O	_	_	InSecondaryReference|NoSpaceAfter|LED0.00
.	O	_	I-pers.author	_	_	O	_	_	InSecondaryReference|LED0.00
8	O	_	B-scope	_	_	O	_	_	InSecondaryReference|LED0.13
105	O	_	I-scope	_	_	O	_	_	InSecondaryReference|NoSpaceAfter|LED0.13
,	O	_	I-scope	_	_	O	_	_	InSecondaryReference|LED0.13
5	O	_	I-scope	_	_	O	_	_	InSecondaryReference|LED0.13
Ὁ	O	_	I-scope	_	_	O	_	_	InSecondaryReference|LED0.13
Anm	O	_	I-scope	_	_	O	_	_	InSecondaryReference|NoSpaceAfter|LED0.13
.	O	_	I-scope	_	_	O	_	_	EndOfSentence|InSecondaryReference|LED0.13
121	O	_	O	_	_	O	_	_	NoSpaceAfter
.	O	_	O	_	_	O	_	_	_
Die	O	_	O	_	_	O	_	_	_
edlen	O	_	O	_	_	O	_	_	_
Worte	O	_	O	_	_	O	_	_	_
des	O	_	O	_	_	O	_	_	_
Odyſſeus	O	_	B-pers.myth	_	_	O	Q47231	_	LED0.00
bereiten	O	_	O	_	_	O	_	_	_
auf	O	_	O	_	_	O	_	_	_
den	O	_	O	_	_	O	_	_	_
Schluß	O	_	O	_	_	O	_	_	_
des	O	_	O	_	_	O	_	_	_
Stückes	O	_	O	_	_	O	_	_	_
vor	O	_	O	_	_	O	_	_	NoSpaceAfter
,	O	_	O	_	_	O	_	_	_
wo	O	_	O	_	_	O	_	_	_
der	O	_	O	_	_	O	_	_	_
Streit	O	_	O	_	_	O	_	_	_
um	O	_	O	_	_	O	_	_	_
die	O	_	O	_	_	O	_	_	_
Leiche	O	_	O	_	_	O	_	_	_
des	O	_	O	_	_	O	_	_	_
Aias	O	_	B-pers.myth	_	_	O	Q172725	_	LED0.00
durch	O	_	O	_	_	O	_	_	_
Odyſſeus	O	_	B-pers.myth	_	_	O	Q47231	_	LED0.00
geſchlichtet	O	_	O	_	_	O	_	_	_
wird	O	_	O	_	_	O	_	_	_
(	O	_	O	_	_	O	_	_	NoSpaceAfter
„	O	_	O	_	_	O	_	_	NoSpaceAfter
Verzahnung	O	_	O	_	_	O	_	_	NoSpaceAfter
“	O	_	O	_	_	O	_	_	NoSpaceAfter
)	O	_	O	_	_	O	_	_	NoSpaceAfter
.	O	_	O	_	_	O	_	_	EndOfSentence
122	O	_	O	_	_	O	_	_	NoSpaceAfter
.	O	_	O	_	_	O	_	_	_
(	O	_	O	_	_	O	_	_	NoSpaceAfter
ὠτοικτείρω	B-work	_	O	_	_	O	_	_	NoSpaceAfter
)	O	_	O	_	_	O	_	_	_
ἔμπας	O	_	O	_	_	O	_	_	_
ſtärker	O	_	O	_	_	O	_	_	_
als	O	_	O	_	_	O	_	_	_
ὅμως	O	_	O	_	_	O	_	_	NoSpaceAfter
.	O	_	O	_	_	O	_	_	EndOfSentence
124	O	_	O	_	_	O	_	_	NoSpaceAfter
.	O	_	O	_	_	O	_	_	_
ro5μὸν	O	_	O	_	_	O	_	_	NoSpaceAfter
σκοπῶν	O	_	O	_	_	O	_	_	NoSpaceAfter
:	O	_	O	_	_	O	_	_	_
ἀφορῶν	O	_	O	_	_	O	_	_	_
εἰς	O	_	O	_	_	O	_	_	_
τὰ	O	_	O	_	_	O	_	_	_
ἀνϑοώπινα	O	_	O	_	_	O	_	_	_
τὰ	O	_	O	_	_	O	_	_	_
πάντων	O	_	O	_	_	O	_	_	_
κοινά	O	_	O	_	_	O	_	_	_
(	O	_	O	_	_	O	_	_	NoSpaceAfter
Schol	B-work	_	O	_	_	O	_	_	NoSpaceAfter
.	I-work	_	O	_	_	O	_	_	NoSpaceAfter
)	O	_	O	_	_	O	_	_	NoSpaceAfter
.	O	_	O	_	_	O	_	_	EndOfSentence
Da	O	_	O	_	_	O	_	_	NoSpaceAfter
—	O	_	O	_	_	O	_	_	_
rin	O	_	O	_	_	O	_	_	_
liegt	O	_	O	_	_	O	_	_	_
der	O	_	O	_	_	O	_	_	_
Grund	O	_	O	_	_	O	_	_	_
der	O	_	O	_	_	O	_	_	_
tragiſchen	O	_	O	_	_	O	_	_	_
Furcht	O	_	O	_	_	O	_	_	NoSpaceAfter
.	O	_	O	_	_	O	_	_	_
126	O	_	O	_	_	O	_	_	NoSpaceAfter
.	O	_	O	_	_	O	_	_	_
Vgl	O	_	O	_	_	O	_	_	NoSpaceAfter
.	O	_	O	_	_	O	_	_	_
Pind	O	_	B-pers.author	_	_	O	Q134929	_	InPrimaryReference|NoSpaceAfter|LED0.00
.	O	_	I-pers.author	_	_	O	Q134929	_	InPrimaryReference|LED0.00
Pyth	O	_	B-work.primlit	_	_	O	Q3411444	_	InPrimaryReference|NoSpaceAfter|LED0.00
.	O	_	I-work.primlit	_	_	O	Q3411444	_	InPrimaryReference|LED0.00
VIII	O	_	B-scope	_	_	O	_	_	InPrimaryReference|LED0.00
96	O	_	I-scope	_	_	O	_	_	InPrimaryReference|LED0.00
σκιᾶς	O	_	O	_	_	O	_	_	_
ὄναρ	O	_	O	_	_	O	_	_	_
ἄνϑοωπος	O	_	O	_	_	O	_	_	NoSpaceAfter
.	O	_	O	_	_	O	_	_	EndOfSentence
128	O	_	O	_	_	O	_	_	NoSpaceAfter
.	O	_	O	_	_	O	_	_	_
Mit	O	_	O	_	_	O	_	_	_
αὐτός	O	_	O	_	_	O	_	_	_
weiſt	O	_	O	_	_	O	_	_	_
Athena	O	_	B-pers.myth	_	_	O	Q37122	_	LED0.00
darauf	O	_	O	_	_	O	_	_	_
hin	O	_	O	_	_	O	_	_	NoSpaceAfter
,	O	_	O	_	_	O	_	_	_
daß	O	_	O	_	_	O	_	_	_
es	O	_	O	_	_	O	_	_	_
Aias	O	_	B-pers.myth	_	_	O	Q172725	_	LED0.00
gethan	O	_	O	_	_	O	_	_	_
hat	O	_	O	_	_	O	_	_	_
(	O	_	O	_	_	O	_	_	NoSpaceAfter
766	O	_	B-scope	_	_	O	_	_	InPrimaryReference|LED0.00
ff	O	_	I-scope	_	_	O	_	_	InPrimaryReference|NoSpaceAfter|LED0.00
.	O	_	I-scope	_	_	O	_	_	InPrimaryReference|NoSpaceAfter|LED0.00
)	O	_	O	_	_	O	_	_	NoSpaceAfter
,	O	_	O	_	_	O	_	_	_
und	O	_	O	_	_	O	_	_	_
rechtfertigt	O	_	O	_	_	O	_	_	_
damit	O	_	O	_	_	O	_	_	_
die	O	_	O	_	_	O	_	_	_
Beſtrafung	O	_	O	_	_	O	_	_	_
desſelben.	O	_	O	_	_	O	_	_	NoSpaceAfter
129	O	_	O	_	_	O	_	_	NoSpaceAfter
.	O	_	O	_	_	O	_	_	_
ὄγκον	O	_	O	_	_	O	_	_	NoSpaceAfter
.	O	_	O	_	_	O	_	_	NoSpaceAfter
.	O	_	O	_	_	O	_	_	NoSpaceAfter
.	O	_	O	_	_	O	_	_	_
μηδένα	O	_	O	_	_	O	_	_	NoSpaceAfter
,	O	_	O	_	_	O	_	_	_
mache	O	_	O	_	_	O	_	_	_
dich	O	_	O	_	_	O	_	_	_
niht	O	_	O	_	_	O	_	_	_
groß	O	_	O	_	_	O	_	_	NoSpaceAfter
.	O	_	O	_	_	O	_	_	EndOfSentence
130	O	_	O	_	_	O	_	_	NoSpaceAfter
.	O	_	O	_	_	O	_	_	_
βάϑει	O	_	O	_	_	O	_	_	NoSpaceAfter
:	O	_	O	_	_	O	_	_	_
vgl	O	_	O	_	_	O	_	_	NoSpaceAfter
.	O	_	O	_	_	O	_	_	_
βαϑύπλουτος	B-pers	_	O	_	_	O	_	_	NoSpaceAfter
,	O	_	O	_	_	O	_	_	_
λακπκόπλουτος	O	_	O	_	_	O	_	_	NoSpaceAfter
.	O	_	O	_	_	O	_	_	EndOfSentence
131	O	_	O	_	_	O	_	_	NoSpaceAfter
.	O	_	O	_	_	O	_	_	_
Vgl	O	_	O	_	_	O	_	_	NoSpaceAfter
.	O	_	O	_	_	O	_	_	_
Eur	O	_	B-pers.author	_	_	O	Q48305	_	InPrimaryReference|NoSpaceAfter|LED0.00
.	O	_	I-pers.author	_	_	O	Q48305	_	InPrimaryReference|LED0.00
Fragm	O	_	B-scope	_	_	O	_	_	InPrimaryReference|NoSpaceAfter|LED0.00
.	O	_	I-scope	_	_	O	_	_	InPrimaryReference|LED0.00
420	O	_	I-scope	_	_	O	_	_	InPrimaryReference|NoSpaceAfter|LED0.00
,	O	_	I-scope	_	_	O	_	_	InPrimaryReference|LED0.00
2	O	_	I-scope	_	_	O	_	_	InPrimaryReference|LED0.00
μικρὰ	O	_	O	_	_	O	_	_	_
τὰ	O	_	O	_	_	O	_	_	EndOfSentence

# hipe2022:original_source = data/preparation/corpus/de/retokenized/Wecklein1894_0031.xmi
# hipe2022:license = CC-BY
# hipe2022:language = de
# hipe2022:document_type = commentary
# hipe2022:document_id = Wecklein1894_0031
# hipe2022:date = 1894-01-01
# hipe2022:dataset = ajmc
# hipe2022:applicable_columns = TOKEN NE-COARSE-LIT NE-FINE-LIT NE-NESTED NEL-LIT MISC
# ajmc:version = v0.3
# ajmc:title = Sophokleus Aias
# ajmc:publication_place = München
# ajmc:publication_date = 1894
# ajmc:page = 31
# ajmc:author = Wecklein, Nikolaus
Tage	O	_	O	_	_	O	_	_	NoSpaceAfter
“	O	_	O	_	_	O	_	_	NoSpaceAfter
)	O	_	O	_	_	O	_	_	NoSpaceAfter
.	O	_	O	_	_	O	_	_	EndOfSentence
Über	O	_	O	_	_	O	_	_	_
die	O	_	O	_	_	O	_	_	_
Kraft	O	_	O	_	_	O	_	_	_
des	O	_	O	_	_	O	_	_	_
Femin	O	_	O	_	_	O	_	_	NoSpaceAfter
.	O	_	O	_	_	O	_	_	_
Adjetiva	O	_	O	_	_	O	_	_	_
ſubſtantiviſch	O	_	O	_	_	O	_	_	_
zu	O	_	O	_	_	O	_	_	_
machen	O	_	O	_	_	O	_	_	_
vgl	O	_	O	_	_	O	_	_	NoSpaceAfter
.	O	_	O	_	_	O	_	_	_
Kr	O	_	B-pers.author	_	_	O	_	_	InSecondaryReference|NoSpaceAfter|LED0.00
.	O	_	I-pers.author	_	_	O	_	_	InSecondaryReference|LED0.00
1	O	_	B-scope	_	_	O	_	_	InSecondaryReference|LED0.17
8	O	_	I-scope	_	_	O	_	_	InSecondaryReference|LED0.17
43	O	_	I-scope	_	_	O	_	_	InSecondaryReference|NoSpaceAfter|LED0.17
,	O	_	I-scope	_	_	O	_	_	InSecondaryReference|LED0.17
3	O	_	I-scope	_	_	O	_	_	InSecondaryReference|NoSpaceAfter|LED0.17
,	O	_	I-scope	_	_	O	_	_	InSecondaryReference|LED0.17
3	O	_	I-scope	_	_	O	_	_	InSecondaryReference|LED0.17
und	O	_	O	_	_	O	_	_	InSecondaryReference
8	O	_	B-scope	_	_	O	_	_	InSecondaryReference|NoSpaceAfter|LED0.00
.	O	_	O	_	_	O	_	_	EndOfSentence
910	O	_	O	_	_	O	_	_	NoSpaceAfter
.	O	_	O	_	_	O	_	_	_
Τελεύταντος	O	_	O	_	_	O	_	_	_
iſt	O	_	O	_	_	O	_	_	_
wie	O	_	O	_	_	O	_	_	_
Τελλεύταντος	O	_	O	_	_	O	_	_	_
zu	O	_	O	_	_	O	_	_	_
leſen	O	_	O	_	_	O	_	_	NoSpaceAfter
.	O	_	O	_	_	O	_	_	EndOfSentence
211f	O	_	O	_	_	O	_	_	NoSpaceAfter
.	O	_	O	_	_	O	_	_	_
λέχος	O	_	O	_	_	O	_	_	_
im	O	_	O	_	_	O	_	_	_
Sinne	O	_	O	_	_	O	_	_	_
von	O	_	O	_	_	O	_	_	_
ἄλογος	B-work	_	O	_	_	O	_	_	NoSpaceAfter
.	O	_	O	_	_	O	_	_	EndOfSentence
=	O	_	O	_	_	O	_	_	_
Vgl	O	_	O	_	_	O	_	_	NoSpaceAfter
.	O	_	O	_	_	O	_	_	_
Hom	B-work	_	B-pers.author	_	_	O	Q6691	_	InPrimaryReference|NoSpaceAfter|LED0.00
.	I-work	_	I-pers.author	_	_	O	Q6691	_	InPrimaryReference|LED0.00
1	B-scope	_	B-scope	_	_	O	_	_	InPrimaryReference|LED0.20
343	I-scope	_	I-scope	_	_	O	_	_	InPrimaryReference|LED0.20
τὴν	O	_	O	_	_	O	_	_	_
ἐκ	O	_	O	_	_	O	_	_	_
ϑυμοῦ	O	_	O	_	_	O	_	_	_
φίλεον	O	_	O	_	_	O	_	_	_
δουοικτητήν	O	_	O	_	_	O	_	_	_
πεο	O	_	O	_	_	O	_	_	_
¿odoav	O	_	O	_	_	O	_	_	NoSpaceAfter
.	O	_	O	_	_	O	_	_	EndOfSentence
ἀνέχει	O	_	O	_	_	O	_	_	NoSpaceAfter
,	O	_	O	_	_	O	_	_	_
τιμᾷ	O	_	O	_	_	O	_	_	_
(	O	_	O	_	_	O	_	_	NoSpaceAfter
hod	B-pers	_	O	_	_	O	_	_	NoSpaceAfter
)	O	_	O	_	_	O	_	_	_
hält	O	_	O	_	_	O	_	_	NoSpaceAfter
)	O	_	O	_	_	O	_	_	NoSpaceAfter
.	O	_	O	_	_	O	_	_	EndOfSentence
918	O	_	O	_	_	O	_	_	NoSpaceAfter
.	O	_	O	_	_	O	_	_	_
οὐκ	O	_	O	_	_	O	_	_	_
ἂν	O	_	O	_	_	O	_	_	_
ἄιδοις	O	_	O	_	_	O	_	_	_
ὑπείποις	O	_	O	_	_	O	_	_	_
ſ	O	_	O	_	_	O	_	_	NoSpaceAfter
.	O	_	O	_	_	O	_	_	_
Ὁ	O	_	O	_	_	O	_	_	NoSpaceAfter
.	O	_	O	_	_	O	_	_	_
α	O	_	O	_	_	O	_	_	NoSpaceAfter
.	O	_	O	_	_	O	_	_	_
οὐκ	O	_	O	_	_	O	_	_	_
ἂν	O	_	O	_	_	O	_	_	_
ἄιδρις	O	_	O	_	_	O	_	_	_
εἴης	O	_	O	_	_	O	_	_	_
ὥστε	O	_	O	_	_	O	_	_	_
ὑπειπεῖν	O	_	O	_	_	O	_	_	NoSpaceAfter
.	O	_	O	_	_	O	_	_	EndOfSentence
-	O	_	O	_	_	O	_	_	NoSpaceAfter
-	O	_	O	_	_	O	_	_	NoSpaceAfter
-	O	_	O	_	_	O	_	_	_
ὑπείποις,	O	_	O	_	_	O	_	_	NoSpaceAfter
dicendo	O	_	O	_	_	O	_	_	_
suggeras	O	_	O	_	_	O	_	_	_
(	O	_	O	_	_	O	_	_	NoSpaceAfter
Herm	O	_	B-pers.author	_	_	O	Q77616	_	NoSpaceAfter|LED0.00
.	O	_	I-pers.author	_	_	O	Q77616	_	NoSpaceAfter|LED0.00
)	O	_	O	_	_	O	_	_	NoSpaceAfter
.	O	_	O	_	_	O	_	_	EndOfSentence
215	O	_	O	_	_	O	_	_	_
Mit	O	_	O	_	_	O	_	_	_
ϑανάτῳ	O	_	O	_	_	O	_	_	_
ἴσον	O	_	O	_	_	O	_	_	_
vgl	O	_	O	_	_	O	_	_	NoSpaceAfter
.	O	_	O	_	_	O	_	_	_
Od	B-work	_	B-work.primlit	_	_	O	Q35160	_	InPrimaryReference|NoSpaceAfter|LED0.33
.	I-work	_	I-work.primlit	_	_	O	Q35160	_	InPrimaryReference|LED0.33
K	B-scope	_	B-scope	_	_	O	_	_	InPrimaryReference|NoSpaceAfter|LED0.00
.	I-scope	_	I-scope	_	_	O	_	_	InPrimaryReference|LED0.00
529	I-scope	_	I-scope	_	_	O	_	_	InPrimaryReference|LED0.00
ϑάνατος	O	_	O	_	_	O	_	_	_
μὲν	O	_	O	_	_	O	_	_	_
τάδ᾽	O	_	O	_	_	O	_	_	_
ἀκούειν	O	_	O	_	_	O	_	_	NoSpaceAfter
.	O	_	O	_	_	O	_	_	EndOfSentence
216f	O	_	O	_	_	O	_	_	NoSpaceAfter
.	O	_	O	_	_	O	_	_	_
μανίᾳ	O	_	O	_	_	O	_	_	_
ἁλούς	O	_	O	_	_	O	_	_	_
gibt	O	_	O	_	_	O	_	_	_
eine	O	_	O	_	_	O	_	_	_
nähere	O	_	O	_	_	O	_	_	_
Beſtimmung	O	_	O	_	_	O	_	_	_
zu	O	_	O	_	_	O	_	_	_
ἀπελωβήϑη	O	_	O	_	_	O	_	_	NoSpaceAfter
.	O	_	O	_	_	O	_	_	EndOfSentence
—	O	_	O	_	_	O	_	_	_
217	O	_	O	_	_	O	_	_	_
νύκτεοος	O	_	O	_	_	O	_	_	NoSpaceAfter
:	O	_	O	_	_	O	_	_	_
Kr	O	_	B-pers.author	_	_	O	_	_	InSecondaryReference|NoSpaceAfter|LED0.00
.	O	_	I-pers.author	_	_	O	_	_	InSecondaryReference|LED0.00
1	O	_	B-scope	_	_	O	_	_	InSecondaryReference|LED0.17
8	O	_	I-scope	_	_	O	_	_	InSecondaryReference|LED0.17
57	O	_	I-scope	_	_	O	_	_	InSecondaryReference|NoSpaceAfter|LED0.17
,	O	_	I-scope	_	_	O	_	_	InSecondaryReference|LED0.17
5	O	_	I-scope	_	_	O	_	_	InSecondaryReference|NoSpaceAfter|LED0.17
,	O	_	I-scope	_	_	O	_	_	InSecondaryReference|LED0.17
4	O	_	I-scope	_	_	O	_	_	InSecondaryReference|NoSpaceAfter|LED0.17
.	O	_	O	_	_	O	_	_	_
Cu	O	_	B-pers.author	_	_	O	_	_	InSecondaryReference|NoSpaceAfter|LED0.00
.	O	_	I-pers.author	_	_	O	_	_	InSecondaryReference|LED0.00
8	O	_	B-scope	_	_	O	_	_	InSecondaryReference|LED0.07
140	O	_	I-scope	_	_	O	_	_	InSecondaryReference|NoSpaceAfter|LED0.07
,	O	_	I-scope	_	_	O	_	_	InSecondaryReference|LED0.07
1	O	_	I-scope	_	_	O	_	_	InSecondaryReference|LED0.07
Anm	O	_	I-scope	_	_	O	_	_	InSecondaryReference|NoSpaceAfter|LED0.07
.	O	_	I-scope	_	_	O	_	_	InSecondaryReference|LED0.07
3	O	_	I-scope	_	_	O	_	_	InSecondaryReference|NoSpaceAfter|LED0.07
.	O	_	O	_	_	O	_	_	_
Ko	O	_	B-pers.author	_	_	O	_	_	InSecondaryReference|NoSpaceAfter|LED0.00
.	O	_	I-pers.author	_	_	O	_	_	InSecondaryReference|LED0.00
8	O	_	B-scope	_	_	O	_	_	InSecondaryReference|LED0.14
80	O	_	I-scope	_	_	O	_	_	InSecondaryReference|NoSpaceAfter|LED0.14
,	O	_	I-scope	_	_	O	_	_	InSecondaryReference|LED0.14
6	O	_	I-scope	_	_	O	_	_	InSecondaryReference|NoSpaceAfter|LED0.14
.	O	_	O	_	_	O	_	_	_
Ku	O	_	B-pers.author	_	_	O	_	_	InSecondaryReference|NoSpaceAfter|LED0.00
.	O	_	I-pers.author	_	_	O	_	_	InSecondaryReference|LED0.00
$	O	_	B-scope	_	_	O	_	_	InSecondaryReference|LED0.14
98	O	_	I-scope	_	_	O	_	_	InSecondaryReference|NoSpaceAfter|LED0.14
,	O	_	I-scope	_	_	O	_	_	InSecondaryReference|LED0.14
1	O	_	I-scope	_	_	O	_	_	InSecondaryReference|NoSpaceAfter|LED0.14
.	O	_	O	_	_	O	_	_	EndOfSentence
220	O	_	O	_	_	O	_	_	NoSpaceAfter
.	O	_	O	_	_	O	_	_	_
γοηστήοια	O	_	O	_	_	O	_	_	NoSpaceAfter
,	O	_	O	_	_	O	_	_	_
σφάγια	O	_	O	_	_	O	_	_	NoSpaceAfter
,	O	_	O	_	_	O	_	_	_
ἱερεῖα	O	_	O	_	_	O	_	_	_
ironiſh	O	_	O	_	_	O	_	_	NoSpaceAfter
.	O	_	O	_	_	O	_	_	EndOfSentence
221	O	_	O	_	_	O	_	_	_
—	O	_	O	_	_	O	_	_	_
232	O	_	O	_	_	O	_	_	NoSpaceAfter
.	O	_	O	_	_	O	_	_	_
Das	O	_	O	_	_	O	_	_	_
aus	O	_	O	_	_	O	_	_	_
Daktylen	O	_	O	_	_	O	_	_	_
und	O	_	O	_	_	O	_	_	_
Trochäen	O	_	O	_	_	O	_	_	_
zuſammengeſetzte	O	_	O	_	_	O	_	_	_
Versmaß	O	_	O	_	_	O	_	_	_
entſpricht	O	_	O	_	_	O	_	_	_
in	O	_	O	_	_	O	_	_	_
ſeiner	O	_	O	_	_	O	_	_	_
wechſelnden	O	_	O	_	_	O	_	_	_
Geſtaltung	O	_	O	_	_	O	_	_	_
der	O	_	O	_	_	O	_	_	_
Aufregung	O	_	O	_	_	O	_	_	NoSpaceAfter
des	O	_	O	_	_	O	_	_	_
Chors	O	_	O	_	_	O	_	_	NoSpaceAfter
.	O	_	O	_	_	O	_	_	EndOfSentence
,	O	_	O	_	_	O	_	_	_
TI	O	_	O	_	_	O	_	_	_
—	O	_	O	_	_	O	_	_	_
—	O	_	O	_	_	O	_	_	_
—	O	_	O	_	_	O	_	_	_
—	O	_	O	_	_	O	_	_	_
—	O	_	O	_	_	O	_	_	_
—	O	_	O	_	_	O	_	_	_
—	O	_	O	_	_	O	_	_	_
III	O	_	O	_	_	O	_	_	_
—	O	_	O	_	_	O	_	_	_
—	O	_	O	_	_	O	_	_	_
—	O	_	O	_	_	O	_	_	_
τοὺς	O	_	O	_	_	O	_	_	_
—	O	_	O	_	_	O	_	_	_
—	O	_	O	_	_	O	_	_	_
—	O	_	O	_	_	O	_	_	_
—	O	_	O	_	_	O	_	_	_
—	O	_	O	_	_	O	_	_	_
—	O	_	O	_	_	O	_	_	_
—	O	_	O	_	_	O	_	_	_
—	O	_	O	_	_	O	_	_	_
—	O	_	O	_	_	O	_	_	_
IV	O	_	O	_	_	O	_	_	_
D	O	_	O	_	_	O	_	_	NoSpaceAfter
—	O	_	O	_	_	O	_	_	_
—	O	_	O	_	_	O	_	_	_
—	O	_	O	_	_	O	_	_	_
—	O	_	O	_	_	O	_	_	_
—	O	_	O	_	_	O	_	_	_
—	O	_	O	_	_	O	_	_	_
—	O	_	O	_	_	O	_	_	_
—	O	_	O	_	_	O	_	_	_
—	O	_	O	_	_	O	_	_	_
—	O	_	O	_	_	O	_	_	_
V	O	_	O	_	_	O	_	_	_
,	O	_	O	_	_	O	_	_	_
—	O	_	O	_	_	O	_	_	EndOfSentence

# hipe2022:original_source = data/preparation/corpus/de/retokenized/Wecklein1894_0039.xmi
# hipe2022:license = CC-BY
# hipe2022:language = de
# hipe2022:document_type = commentary
# hipe2022:document_id = Wecklein1894_0039
# hipe2022:date = 1894-01-01
# hipe2022:dataset = ajmc
# hipe2022:applicable_columns = TOKEN NE-COARSE-LIT NE-FINE-LIT NE-NESTED NEL-LIT MISC
# ajmc:version = v0.3
# ajmc:title = Sophokleus Aias
# ajmc:publication_place = München
# ajmc:publication_date = 1894
# ajmc:page = 39
# ajmc:author = Wecklein, Nikolaus
337	O	_	O	_	_	O	_	_	_
f	O	_	O	_	_	O	_	_	NoSpaceAfter
.	O	_	O	_	_	O	_	_	_
τοῖς	O	_	O	_	_	O	_	_	_
πάλαι	O	_	O	_	_	O	_	_	_
νοσήμασι	O	_	O	_	_	O	_	_	_
ξυνοῦσι	O	_	O	_	_	O	_	_	NoSpaceAfter
:	O	_	O	_	_	O	_	_	_
die	O	_	O	_	_	O	_	_	_
Stellung	O	_	O	_	_	O	_	_	_
wie	O	_	O	_	_	O	_	_	_
Phil	O	_	B-work.primlit	_	_	O	Q1415903	_	InPrimaryReference|NoSpaceAfter|LED0.00
.	O	_	I-work.primlit	_	_	O	Q1415903	_	EndOfSentence|InPrimaryReference|LED0.00
1316	O	_	B-scope	_	_	O	_	_	InPrimaryReference|LED0.00
τὰς	O	_	O	_	_	O	_	_	_
ἐκ	O	_	O	_	_	O	_	_	_
ϑεῶν	O	_	O	_	_	O	_	_	_
τύχας	O	_	O	_	_	O	_	_	_
δοϑείσας	O	_	O	_	_	O	_	_	NoSpaceAfter
.	O	_	O	_	_	O	_	_	EndOfSentence
888	O	_	O	_	_	O	_	_	NoSpaceAfter
.	O	_	O	_	_	O	_	_	_
παοών	O	_	O	_	_	O	_	_	_
(	O	_	O	_	_	O	_	_	NoSpaceAfter
ſtatt	O	_	O	_	_	O	_	_	_
eines	O	_	O	_	_	O	_	_	_
adverbialen	O	_	O	_	_	O	_	_	_
Ausdrucks	O	_	O	_	_	O	_	_	_
πα	O	_	O	_	_	O	_	_	_
Analogie	O	_	O	_	_	O	_	_	_
der	O	_	O	_	_	O	_	_	_
Redeweiſe	O	_	O	_	_	O	_	_	NoSpaceAfter
,	O	_	O	_	_	O	_	_	_
nah	O	_	O	_	_	O	_	_	_
welcher	O	_	O	_	_	O	_	_	_
217	O	_	B-scope	_	_	O	_	_	InPrimaryReference|LED0.00
νύκτερος	O	_	O	_	_	O	_	_	_
ſteht	O	_	O	_	_	O	_	_	NoSpaceAfter
)	O	_	O	_	_	O	_	_	_
gibt	O	_	O	_	_	O	_	_	_
einen	O	_	O	_	_	O	_	_	_
Gegenſaß	O	_	O	_	_	O	_	_	_
zu	O	_	O	_	_	O	_	_	_
πάλαι	O	_	O	_	_	O	_	_	_
(	O	_	O	_	_	O	_	_	NoSpaceAfter
über	O	_	O	_	_	O	_	_	_
die	O	_	O	_	_	O	_	_	_
Krankheit	O	_	O	_	_	O	_	_	_
der	O	_	O	_	_	O	_	_	_
Vergangenheit	O	_	O	_	_	O	_	_	_
in	O	_	O	_	_	O	_	_	_
der	O	_	O	_	_	O	_	_	_
Gegenwart	O	_	O	_	_	O	_	_	NoSpaceAfter
ſich	O	_	O	_	_	O	_	_	_
betrüben	O	_	O	_	_	O	_	_	NoSpaceAfter
)	O	_	O	_	_	O	_	_	NoSpaceAfter
.	O	_	O	_	_	O	_	_	_
Vgl	O	_	O	_	_	O	_	_	NoSpaceAfter
.	O	_	O	_	_	O	_	_	_
Äſch	O	_	B-pers.author	_	_	O	Q40939	_	InPrimaryReference|NoSpaceAfter|LED0.00
.	O	_	I-pers.author	_	_	O	Q40939	_	InPrimaryReference|LED0.00
Cho	O	_	B-work.primlit	_	_	O	Q11688406	_	InPrimaryReference|NoSpaceAfter|LED0.00
.	O	_	I-work.primlit	_	_	O	Q11688406	_	InPrimaryReference|LED0.00
1012	O	_	B-scope	_	_	O	_	_	InPrimaryReference|LED0.00
ἀποιμώξω	O	_	O	_	_	O	_	_	_
παρών	O	_	O	_	_	O	_	_	NoSpaceAfter
.	O	_	O	_	_	O	_	_	EndOfSentence
Vielleicht	O	_	O	_	_	O	_	_	_
aber	O	_	O	_	_	O	_	_	_
hat	O	_	O	_	_	O	_	_	_
es	O	_	O	_	_	O	_	_	_
urſprünglich	O	_	O	_	_	O	_	_	_
μαϑών	O	_	O	_	_	O	_	_	_
geheißen	O	_	O	_	_	O	_	_	_
(	O	_	O	_	_	O	_	_	NoSpaceAfter
„	O	_	O	_	_	O	_	_	NoSpaceAfter
nachdem	O	_	O	_	_	O	_	_	_
er	O	_	O	_	_	O	_	_	_
darüber	O	_	O	_	_	O	_	_	_
aufgeklärt	O	_	O	_	_	O	_	_	_
iſt	O	_	O	_	_	O	_	_	NoSpaceAfter
“	O	_	O	_	_	O	_	_	NoSpaceAfter
,	O	_	O	_	_	O	_	_	_
vgl	O	_	O	_	_	O	_	_	NoSpaceAfter
.	O	_	O	_	_	O	_	_	_
316	O	_	B-scope	_	_	O	_	_	InPrimaryReference|NoSpaceAfter|LED0.00
)	O	_	O	_	_	O	_	_	EndOfSentence|NoSpaceAfter
340	O	_	O	_	_	O	_	_	NoSpaceAfter
.	O	_	O	_	_	O	_	_	_
ἀμφί	O	_	O	_	_	O	_	_	_
cauſal	O	_	O	_	_	O	_	_	_
(	O	_	O	_	_	O	_	_	NoSpaceAfter
um	O	_	O	_	_	O	_	_	NoSpaceAfter
,	O	_	O	_	_	O	_	_	_
wegen	O	_	O	_	_	O	_	_	NoSpaceAfter
)	O	_	O	_	_	O	_	_	NoSpaceAfter
.	O	_	O	_	_	O	_	_	_
Kr	O	_	B-pers.author	_	_	O	_	_	InSecondaryReference|NoSpaceAfter|LED0.00
.	O	_	I-pers.author	_	_	O	_	_	InSecondaryReference|LED0.00
Il	O	_	B-scope	_	_	O	_	_	InSecondaryReference|LED0.14
$	O	_	I-scope	_	_	O	_	_	InSecondaryReference|LED0.14
68	O	_	I-scope	_	_	O	_	_	InSecondaryReference|NoSpaceAfter|LED0.14
,	O	_	I-scope	_	_	O	_	_	InSecondaryReference|LED0.14
30	O	_	I-scope	_	_	O	_	_	InSecondaryReference|NoSpaceAfter|LED0.14
,	O	_	I-scope	_	_	O	_	_	InSecondaryReference|LED0.14
3	O	_	I-scope	_	_	O	_	_	InSecondaryReference|NoSpaceAfter|LED0.14
.	O	_	O	_	_	O	_	_	EndOfSentence
Tekmeſſa	O	_	B-pers.myth	_	_	O	Q10796858	_	LED0.00
brachte	O	_	O	_	_	O	_	_	_
bei	O	_	O	_	_	O	_	_	_
dem	O	_	O	_	_	O	_	_	_
Toben	O	_	O	_	_	O	_	_	_
des	O	_	O	_	_	O	_	_	_
wahnſinnigen	O	_	O	_	_	O	_	_	_
Aias	O	_	B-pers.myth	_	_	O	Q172725	_	LED0.00
den	O	_	O	_	_	O	_	_	_
Knaben	O	_	O	_	_	O	_	_	_
beiſeite	O	_	O	_	_	O	_	_	NoSpaceAfter
(	O	_	O	_	_	O	_	_	NoSpaceAfter
531	O	_	B-scope	_	_	O	_	_	InPrimaryReference|NoSpaceAfter|LED0.00
)	O	_	O	_	_	O	_	_	NoSpaceAfter
.	O	_	O	_	_	O	_	_	EndOfSentence
Darum	O	_	O	_	_	O	_	_	_
ſagt	O	_	O	_	_	O	_	_	_
ſie	O	_	O	_	_	O	_	_	_
nachher	O	_	O	_	_	O	_	_	_
ποῦ	O	_	O	_	_	O	_	_	_
ποτ᾽	O	_	O	_	_	O	_	_	_
εἰ	O	_	O	_	_	O	_	_	_
ängſtlich	O	_	O	_	_	O	_	_	_
im	O	_	O	_	_	O	_	_	_
Sinne	O	_	O	_	_	O	_	_	_
„	O	_	O	_	_	O	_	_	NoSpaceAfter
du	O	_	O	_	_	O	_	_	_
biſt	O	_	O	_	_	O	_	_	_
doch	O	_	O	_	_	O	_	_	_
wohl	O	_	O	_	_	O	_	_	_
ſicher	O	_	O	_	_	O	_	_	NoSpaceAfter
?	O	_	O	_	_	O	_	_	NoSpaceAfter
“	O	_	O	_	_	O	_	_	EndOfSentence
342	O	_	O	_	_	O	_	_	NoSpaceAfter
.	O	_	O	_	_	O	_	_	_
Der	O	_	O	_	_	O	_	_	_
Ruf	O	_	O	_	_	O	_	_	_
nach	O	_	O	_	_	O	_	_	_
Teukros	B-pers	_	B-pers.myth	_	_	O	Q878184	_	LED0.00
und	O	_	O	_	_	O	_	_	_
der	O	_	O	_	_	O	_	_	_
Auftrag	O	_	O	_	_	O	_	_	NoSpaceAfter
,	O	_	O	_	_	O	_	_	_
welchen	O	_	O	_	_	O	_	_	_
Aias	B-pers	_	B-pers.myth	_	_	O	Q172725	_	LED0.00
362	O	_	B-scope	_	_	O	_	_	InPrimaryReference|LED0.00
ff	O	_	I-scope	_	_	O	_	_	InPrimaryReference|NoSpaceAfter|LED0.00
.	O	_	I-scope	_	_	O	_	_	InPrimaryReference|LED0.00
gibt	O	_	O	_	_	O	_	_	NoSpaceAfter
,	O	_	O	_	_	O	_	_	_
bereiten	O	_	O	_	_	O	_	_	_
auf	O	_	O	_	_	O	_	_	_
die	O	_	O	_	_	O	_	_	_
ſpätere	O	_	O	_	_	O	_	_	_
Rolle	O	_	O	_	_	O	_	_	_
des	O	_	O	_	_	O	_	_	_
Teukros	B-pers	_	B-pers.myth	_	_	O	Q878184	_	LED0.00
vor	O	_	O	_	_	O	_	_	_
(	O	_	O	_	_	O	_	_	NoSpaceAfter
„	O	_	O	_	_	O	_	_	NoSpaceAfter
Verzahnung	O	_	O	_	_	O	_	_	NoSpaceAfter
“	O	_	O	_	_	O	_	_	NoSpaceAfter
)	O	_	O	_	_	O	_	_	NoSpaceAfter
.	O	_	O	_	_	O	_	_	EndOfSentence
Einſtweilen	O	_	O	_	_	O	_	_	_
mußte	O	_	O	_	_	O	_	_	_
er	O	_	O	_	_	O	_	_	_
abweſend	O	_	O	_	_	O	_	_	_
ſein	O	_	O	_	_	O	_	_	NoSpaceAfter
,	O	_	O	_	_	O	_	_	_
wie	O	_	O	_	_	O	_	_	_
der	O	_	O	_	_	O	_	_	_
Schol	O	_	O	_	_	O	_	_	NoSpaceAfter
.	O	_	O	_	_	O	_	_	_
bemerkt	O	_	O	_	_	O	_	_	NoSpaceAfter
:	O	_	O	_	_	O	_	_	_
τὸ	O	_	O	_	_	O	_	_	_
ἀπεῖναι	O	_	O	_	_	O	_	_	_
Τεῦκρον»	O	_	O	_	_	O	_	_	_
χρήσιμον	O	_	O	_	_	O	_	_	_
τῇ	O	_	O	_	_	O	_	_	_
οἰκονομίᾳ"	O	_	O	_	_	O	_	_	_
παρὼν	O	_	O	_	_	O	_	_	_
γὰρ	O	_	O	_	_	O	_	_	_
ἂν	O	_	O	_	_	O	_	_	_
ἐκώλυεν	O	_	O	_	_	O	_	_	_
αὐτὸν	O	_	O	_	_	O	_	_	_
πρᾶξαι	O	_	O	_	_	O	_	_	_
ἃ	O	_	O	_	_	O	_	_	_
ἐβούλετο	O	_	O	_	_	O	_	_	NoSpaceAfter
.	O	_	O	_	_	O	_	_	EndOfSentence
848	O	_	O	_	_	O	_	_	NoSpaceAfter
.	O	_	O	_	_	O	_	_	_
ἐγὼ	O	_	O	_	_	O	_	_	_
d	O	_	O	_	_	O	_	_	NoSpaceAfter
'	O	_	O	_	_	O	_	_	_
ἀπ	O	_	O	_	_	O	_	_	NoSpaceAfter
.	O	_	O	_	_	O	_	_	_
für	O	_	O	_	_	O	_	_	_
ἐμοῦ	O	_	O	_	_	O	_	_	_
ἀπολλυμένου	O	_	O	_	_	O	_	_	NoSpaceAfter
nach	O	_	O	_	_	O	_	_	_
gewöhnlicher	O	_	O	_	_	O	_	_	_
Weiſe	O	_	O	_	_	O	_	_	NoSpaceAfter
.	O	_	O	_	_	O	_	_	EndOfSentence
344	O	_	O	_	_	O	_	_	NoSpaceAfter
.	O	_	O	_	_	O	_	_	_
δή	O	_	O	_	_	O	_	_	_
wird	O	_	O	_	_	O	_	_	_
wie	O	_	O	_	_	O	_	_	_
das	O	_	O	_	_	O	_	_	_
lat	O	_	O	_	_	O	_	_	NoSpaceAfter
.	O	_	O	_	_	O	_	_	_
dum	O	_	O	_	_	O	_	_	_
häufig	O	_	O	_	_	O	_	_	_
mit	O	_	O	_	_	O	_	_	_
dem	O	_	O	_	_	O	_	_	_
Jmperat	O	_	O	_	_	O	_	_	NoSpaceAfter
.	O	_	O	_	_	O	_	_	_
verbunden	O	_	O	_	_	O	_	_	NoSpaceAfter
.	O	_	O	_	_	O	_	_	EndOfSentence
345	O	_	O	_	_	O	_	_	NoSpaceAfter
.	O	_	O	_	_	O	_	_	_
καὶ	O	_	O	_	_	O	_	_	_
(	O	_	O	_	_	O	_	_	NoSpaceAfter
auch	O	_	O	_	_	O	_	_	_
wirklich	O	_	O	_	_	O	_	_	NoSpaceAfter
)	O	_	O	_	_	O	_	_	_
ἐπ	O	_	O	_	_	O	_	_	NoSpaceAfter
’	O	_	O	_	_	O	_	_	_
ἐμοὶ	O	_	O	_	_	O	_	_	_
βλέψας	O	_	O	_	_	O	_	_	_
mit	O	_	O	_	_	O	_	_	_
Bezug	O	_	O	_	_	O	_	_	_
auf	O	_	O	_	_	O	_	_	_
330	B-scope	_	B-scope	_	_	O	_	_	InPrimaryReference|NoSpaceAfter|LED0.00
.	O	_	O	_	_	O	_	_	EndOfSentence
346	O	_	O	_	_	O	_	_	NoSpaceAfter
.	O	_	O	_	_	O	_	_	_
ἰδού	O	_	O	_	_	O	_	_	_
gibt	O	_	O	_	_	O	_	_	_
an	O	_	O	_	_	O	_	_	NoSpaceAfter
,	O	_	O	_	_	O	_	_	_
daß	O	_	O	_	_	O	_	_	_
man	O	_	O	_	_	O	_	_	_
einer	O	_	O	_	_	O	_	_	_
Aufforderung	O	_	O	_	_	O	_	_	_
nachkommt	O	_	O	_	_	O	_	_	NoSpaceAfter
.	O	_	O	_	_	O	_	_	EndOfSentence
—	O	_	O	_	_	O	_	_	_
Mit	O	_	O	_	_	O	_	_	_
διοίγω	O	_	O	_	_	O	_	_	_
wird	O	_	O	_	_	O	_	_	_
die	O	_	O	_	_	O	_	_	_
Anwendung	O	_	O	_	_	O	_	_	_
des	O	_	O	_	_	O	_	_	_
Ekkyklems	O	_	O	_	_	O	_	_	NoSpaceAfter
,	O	_	O	_	_	O	_	_	_
mittels	O	_	O	_	_	O	_	_	_
deſſen	O	_	O	_	_	O	_	_	_
das	O	_	O	_	_	O	_	_	_
Innere	O	_	O	_	_	O	_	_	_
den	O	_	O	_	_	O	_	_	_
Zuſchauern	O	_	O	_	_	O	_	_	_
ſichtbar	O	_	O	_	_	O	_	_	_
gemacht	O	_	O	_	_	O	_	_	_
wird	O	_	O	_	_	O	_	_	NoSpaceAfter
,	O	_	O	_	_	O	_	_	_
äußerlich	O	_	O	_	_	O	_	_	_
motiviert	O	_	O	_	_	O	_	_	NoSpaceAfter
.	O	_	O	_	_	O	_	_	EndOfSentence
—	O	_	O	_	_	O	_	_	_
δείκνυται	O	_	O	_	_	O	_	_	_
ξιρήοης	O	_	O	_	_	O	_	_	NoSpaceAfter
,	O	_	O	_	_	O	_	_	_
ἡματωμένος	O	_	O	_	_	O	_	_	NoSpaceAfter
,	O	_	O	_	_	O	_	_	_
μεταξὺ	O	_	O	_	_	O	_	_	_
τῶν	O	_	O	_	_	O	_	_	_
ποιμνίων	O	_	O	_	_	O	_	_	_
καϑήμενος.	O	_	O	_	_	O	_	_	NoSpaceAfter
Schol	O	_	O	_	_	O	_	_	NoSpaceAfter
.	O	_	O	_	_	O	_	_	_
τὸ	O	_	O	_	_	O	_	_	_
ἐκκύκλημα	O	_	O	_	_	O	_	_	_
ἐπὶ	O	_	O	_	_	O	_	_	_
ξύλων	O	_	O	_	_	O	_	_	_
ὑψηλὸν	O	_	O	_	_	O	_	_	_
βάϑοον	O	_	O	_	_	O	_	_	_
(	O	_	O	_	_	O	_	_	NoSpaceAfter
daher	O	_	O	_	_	O	_	_	_
545	O	_	B-scope	_	_	O	_	_	InPrimaryReference|LED0.00
αἶρε	O	_	O	_	_	O	_	_	NoSpaceAfter
)	O	_	O	_	_	O	_	_	NoSpaceAfter
,	O	_	O	_	_	O	_	_	_
©	O	_	O	_	_	O	_	_	_
ἐπίκειται	O	_	O	_	_	O	_	_	_
ϑροόνος	O	_	O	_	_	O	_	_	_
(	O	_	O	_	_	O	_	_	NoSpaceAfter
vielleicht	O	_	O	_	_	O	_	_	_
unſerer	O	_	O	_	_	O	_	_	_
Stelle	O	_	O	_	_	O	_	_	_
entnommen	O	_	O	_	_	O	_	_	NoSpaceAfter
,	O	_	O	_	_	O	_	_	_
vgl	O	_	O	_	_	O	_	_	NoSpaceAfter
.	O	_	O	_	_	O	_	_	_
zu	O	_	O	_	_	O	_	_	_
325	O	_	B-scope	_	_	O	_	_	InPrimaryReference|NoSpaceAfter|LED0.00
)	O	_	O	_	_	O	_	_	_
Poll	O	_	B-pers.author	_	_	O	Q548104	_	InPrimaryReference|NoSpaceAfter|LED0.00
.	O	_	I-pers.author	_	_	O	Q548104	_	InPrimaryReference|LED0.00
IV	O	_	B-scope	_	_	O	_	_	InPrimaryReference|LED0.00
128	O	_	I-scope	_	_	O	_	_	InPrimaryReference|NoSpaceAfter|LED0.00
.	O	_	O	_	_	O	_	_	EndOfSentence
348	O	_	O	_	_	O	_	_	NoSpaceAfter
.	O	_	O	_	_	O	_	_	_
Das	O	_	O	_	_	O	_	_	_
Versmaß	O	_	O	_	_	O	_	_	_
des	O	_	O	_	_	O	_	_	_
Kommos	O	_	O	_	_	O	_	_	_
beſteht	O	_	O	_	_	O	_	_	_
wie	O	_	O	_	_	O	_	_	EndOfSentence

# hipe2022:original_source = data/preparation/corpus/de/retokenized/Wecklein1894_0047.xmi
# hipe2022:license = CC-BY
# hipe2022:language = de
# hipe2022:document_type = commentary
# hipe2022:document_id = Wecklein1894_0047
# hipe2022:date = 1894-01-01
# hipe2022:dataset = ajmc
# hipe2022:applicable_columns = TOKEN NE-COARSE-LIT NE-FINE-LIT NE-NESTED NEL-LIT MISC
# ajmc:version = v0.3
# ajmc:title = Sophokleus Aias
# ajmc:publication_place = München
# ajmc:publication_date = 1894
# ajmc:page = 47
# ajmc:author = Wecklein, Nikolaus
des	O	_	O	_	_	O	_	_	_
Acc	O	_	O	_	_	O	_	_	NoSpaceAfter
.	O	_	O	_	_	O	_	_	_
des	O	_	O	_	_	O	_	_	_
inneren	O	_	O	_	_	O	_	_	_
Obj	O	_	O	_	_	O	_	_	NoSpaceAfter
.	O	_	O	_	_	O	_	_	_
448	O	_	O	_	_	O	_	_	NoSpaceAfter
.	O	_	O	_	_	O	_	_	_
κρίνειν	O	_	O	_	_	O	_	_	NoSpaceAfter
,	O	_	O	_	_	O	_	_	_
entſcheidend	O	_	O	_	_	O	_	_	_
zuerkennen	O	_	O	_	_	O	_	_	NoSpaceAfter
.	O	_	O	_	_	O	_	_	EndOfSentence
—	O	_	O	_	_	O	_	_	_
πράτος	B-pers	_	O	_	_	O	_	_	NoSpaceAfter
,	O	_	O	_	_	O	_	_	_
Vorrang	O	_	O	_	_	O	_	_	_
(	O	_	O	_	_	O	_	_	NoSpaceAfter
τὸ	B-work	_	O	_	_	O	_	_	_
κρατεῖν	I-work	_	O	_	_	O	_	_	NoSpaceAfter
,	O	_	O	_	_	O	_	_	_
τὸ	B-scope	_	O	_	_	O	_	_	_
κρείσσονα	I-scope	_	O	_	_	O	_	_	_
εἶναι	I-scope	_	O	_	_	O	_	_	_
ἀοιστείᾳ	I-scope	_	O	_	_	O	_	_	NoSpaceAfter
)	O	_	O	_	_	O	_	_	NoSpaceAfter
.	O	_	O	_	_	O	_	_	EndOfSentence
444	O	_	O	_	_	O	_	_	NoSpaceAfter
.	O	_	O	_	_	O	_	_	_
ἔμαοψεν	O	_	O	_	_	O	_	_	_
(	O	_	O	_	_	O	_	_	NoSpaceAfter
für	O	_	O	_	_	O	_	_	_
ἔλαβεν	O	_	O	_	_	O	_	_	NoSpaceAfter
)	O	_	O	_	_	O	_	_	_
hat	O	_	O	_	_	O	_	_	_
eine	O	_	O	_	_	O	_	_	_
gehäſſige	O	_	O	_	_	O	_	_	_
Beziehung	O	_	O	_	_	O	_	_	_
auf	O	_	O	_	_	O	_	_	_
Odyſſeus	O	_	B-pers.myth	_	_	O	Q47231	_	NoSpaceAfter|LED0.00
;	O	_	O	_	_	O	_	_	_
denn	O	_	O	_	_	O	_	_	_
von	O	_	O	_	_	O	_	_	_
dieſem	O	_	O	_	_	O	_	_	_
gilt	O	_	O	_	_	O	_	_	_
das	O	_	O	_	_	O	_	_	_
μάρπτειν	O	_	O	_	_	O	_	_	_
(	O	_	O	_	_	O	_	_	NoSpaceAfter
wegraffen	O	_	O	_	_	O	_	_	NoSpaceAfter
,	O	_	O	_	_	O	_	_	_
an	O	_	O	_	_	O	_	_	_
ſich	O	_	O	_	_	O	_	_	_
reißen	O	_	O	_	_	O	_	_	NoSpaceAfter
)	O	_	O	_	_	O	_	_	NoSpaceAfter
.	O	_	O	_	_	O	_	_	_
Vgl	O	_	O	_	_	O	_	_	NoSpaceAfter
.	O	_	O	_	_	O	_	_	_
Trach	O	_	B-work.primlit	_	_	O	Q945342	_	InPrimaryReference|NoSpaceAfter|LED0.00
.	O	_	I-work.primlit	_	_	O	Q945342	_	InPrimaryReference|LED0.00
435	O	_	B-scope	_	_	O	_	_	InPrimaryReference|LED0.00
νοσοῦντι	O	_	O	_	_	O	_	_	_
ληρεῖν	O	_	O	_	_	O	_	_	_
für	O	_	O	_	_	O	_	_	_
νοσοῦντι	O	_	O	_	_	O	_	_	_
διαλέγεσϑαι	O	_	O	_	_	O	_	_	NoSpaceAfter
.	O	_	O	_	_	O	_	_	EndOfSentence
—	O	_	O	_	_	O	_	_	_
ἄλλος	O	_	O	_	_	O	_	_	_
ἀντί	O	_	O	_	_	O	_	_	_
findet	O	_	O	_	_	O	_	_	_
ſid	O	_	O	_	_	O	_	_	NoSpaceAfter
)	O	_	O	_	_	O	_	_	_
öfters	O	_	O	_	_	O	_	_	_
bei	O	_	O	_	_	O	_	_	_
den	O	_	O	_	_	O	_	_	_
Tragikern	B-pers	_	O	_	_	O	_	_	NoSpaceAfter
.	O	_	O	_	_	O	_	_	EndOfSentence
446	O	_	O	_	_	O	_	_	NoSpaceAfter
.	O	_	O	_	_	O	_	_	_
ἔπραξαν	O	_	O	_	_	O	_	_	NoSpaceAfter
,	O	_	O	_	_	O	_	_	_
durch	O	_	O	_	_	O	_	_	_
liſtige	O	_	O	_	_	O	_	_	_
Mittel	O	_	O	_	_	O	_	_	_
und	O	_	O	_	_	O	_	_	_
Ränke	O	_	O	_	_	O	_	_	_
zuwenden	O	_	O	_	_	O	_	_	NoSpaceAfter
.	O	_	O	_	_	O	_	_	EndOfSentence
—	O	_	O	_	_	O	_	_	_
ἀνδοὸς	O	_	O	_	_	O	_	_	_
τοῦδε	O	_	O	_	_	O	_	_	NoSpaceAfter
:	O	_	O	_	_	O	_	_	_
zu	O	_	O	_	_	O	_	_	_
78	O	_	B-scope	_	_	O	_	_	InPrimaryReference|NoSpaceAfter|LED0.00
.	O	_	O	_	_	O	_	_	EndOfSentence
—	O	_	O	_	_	O	_	_	_
Das	B-work	_	O	_	_	O	_	_	_
Nähere	I-work	_	O	_	_	O	_	_	_
1135	B-scope	_	B-scope	_	_	O	_	_	InPrimaryReference|NoSpaceAfter|LED0.00
.	O	_	O	_	_	O	_	_	EndOfSentence
—	O	_	O	_	_	O	_	_	_
κράτη	O	_	O	_	_	O	_	_	NoSpaceAfter
,	O	_	O	_	_	O	_	_	_
virtutes	B-work	_	O	_	_	O	_	_	NoSpaceAfter
,	O	_	O	_	_	O	_	_	_
Heldenthaten.	O	_	O	_	_	O	_	_	NoSpaceAfter
449	O	_	O	_	_	O	_	_	NoSpaceAfter
,	O	_	O	_	_	O	_	_	_
ἐψήφισαν	O	_	O	_	_	O	_	_	_
wie	O	_	O	_	_	O	_	_	_
ἐπεψήφισαν	O	_	O	_	_	O	_	_	NoSpaceAfter
,	O	_	O	_	_	O	_	_	_
die	O	_	O	_	_	O	_	_	_
Stimmen	O	_	O	_	_	O	_	_	_
abgeben	O	_	O	_	_	O	_	_	_
laſſen	O	_	O	_	_	O	_	_	NoSpaceAfter
,	O	_	O	_	_	O	_	_	_
zur	O	_	O	_	_	O	_	_	_
Abſtimmung	O	_	O	_	_	O	_	_	_
bringen	O	_	O	_	_	O	_	_	NoSpaceAfter
.	O	_	O	_	_	O	_	_	EndOfSentence
Der	O	_	O	_	_	O	_	_	_
Aor	O	_	O	_	_	O	_	_	NoSpaceAfter
.	O	_	O	_	_	O	_	_	_
bedeutet	O	_	O	_	_	O	_	_	_
„	O	_	O	_	_	O	_	_	NoSpaceAfter
ihren	O	_	O	_	_	O	_	_	_
ungerechten	O	_	O	_	_	O	_	_	_
Urteilsſprüchen	O	_	O	_	_	O	_	_	NoSpaceAfter
würde	O	_	O	_	_	O	_	_	_
ein	O	_	O	_	_	O	_	_	_
für	O	_	O	_	_	O	_	_	_
allemal	O	_	O	_	_	O	_	_	_
ein	O	_	O	_	_	O	_	_	_
Ende	O	_	O	_	_	O	_	_	_
gemacht	O	_	O	_	_	O	_	_	_
worden	O	_	O	_	_	O	_	_	_
ſein	O	_	O	_	_	O	_	_	NoSpaceAfter
.	O	_	O	_	_	O	_	_	NoSpaceAfter
“	O	_	O	_	_	O	_	_	_
Vgl	O	_	O	_	_	O	_	_	NoSpaceAfter
.	O	_	O	_	_	O	_	_	_
Hom	O	_	B-pers.author	_	_	O	Q6691	_	InPrimaryReference|NoSpaceAfter|LED0.00
.	O	_	I-pers.author	_	_	O	Q6691	_	InPrimaryReference|LED0.00
B	O	_	B-scope	_	_	O	_	_	InPrimaryReference|LED0.00
242	O	_	I-scope	_	_	O	_	_	InPrimaryReference|NoSpaceAfter|LED0.00
.	O	_	O	_	_	O	_	_	EndOfSentence
453	O	_	O	_	_	O	_	_	NoSpaceAfter
.	O	_	O	_	_	O	_	_	_
τοιοῖσδε	O	_	O	_	_	O	_	_	_
wie	O	_	O	_	_	O	_	_	_
ἀφόβοις	O	_	O	_	_	O	_	_	_
366	O	_	B-scope	_	_	O	_	_	InPrimaryReference|NoSpaceAfter|LED0.00
,	O	_	O	_	_	O	_	_	_
ſv	O	O	O	O	O	O	_	_	_
armen	O	_	O	_	_	O	_	_	_
Tieren	O	_	O	_	_	O	_	_	NoSpaceAfter
.	O	_	O	_	_	O	_	_	EndOfSentence
455	O	_	O	_	_	O	_	_	NoSpaceAfter
.	O	_	O	_	_	O	_	_	_
ἐιιοῦ	O	_	O	_	_	O	_	_	_
μέν	O	_	O	_	_	O	_	_	NoSpaceAfter
:	O	_	O	_	_	O	_	_	_
der	O	_	O	_	_	O	_	_	_
Gegenſatz	O	_	O	_	_	O	_	_	_
ϑεῶν	O	_	O	_	_	O	_	_	_
δὲ	O	_	O	_	_	O	_	_	_
ἀναγκαζόντων	O	_	O	_	_	O	_	_	_
wird	O	_	O	_	_	O	_	_	_
in	O	_	O	_	_	O	_	_	_
anderer	O	_	O	_	_	O	_	_	_
Weiſe	O	_	O	_	_	O	_	_	_
gegeben	O	_	O	_	_	O	_	_	NoSpaceAfter
.	O	_	O	_	_	O	_	_	EndOfSentence
457	O	_	O	_	_	O	_	_	NoSpaceAfter
.	O	_	O	_	_	O	_	_	_
ὅστις	O	_	O	_	_	O	_	_	_
bezieht	O	_	O	_	_	O	_	_	_
ſich	O	_	O	_	_	O	_	_	_
auf	O	_	O	_	_	O	_	_	_
das	O	_	O	_	_	O	_	_	_
ſich	O	_	O	_	_	O	_	_	_
von	O	_	O	_	_	O	_	_	_
ſelbſt	O	_	O	_	_	O	_	_	_
ergänzende	O	_	O	_	_	O	_	_	_
μέ	O	_	O	_	_	O	_	_	NoSpaceAfter
.	O	_	O	_	_	O	_	_	_
458	O	_	O	_	_	O	_	_	NoSpaceAfter
.	O	_	O	_	_	O	_	_	_
μὲ	O	_	O	_	_	O	_	_	_
tritt	O	_	O	_	_	O	_	_	_
an	O	_	O	_	_	O	_	_	_
die	O	_	O	_	_	O	_	_	_
Stelle	O	_	O	_	_	O	_	_	_
des	O	_	O	_	_	O	_	_	_
Relativs	O	_	O	_	_	O	_	_	NoSpaceAfter
,	O	_	O	_	_	O	_	_	_
Kr	O	_	B-pers.author	_	_	O	_	_	InSecondaryReference|NoSpaceAfter|LED0.00
.	O	_	I-pers.author	_	_	O	_	_	InSecondaryReference|LED0.00
1	O	_	B-scope	_	_	O	_	_	InSecondaryReference|LED0.17
8	O	_	I-scope	_	_	O	_	_	InSecondaryReference|LED0.17
60	O	_	I-scope	_	_	O	_	_	InSecondaryReference|NoSpaceAfter|LED0.17
,	O	_	I-scope	_	_	O	_	_	InSecondaryReference|LED0.17
6	O	_	I-scope	_	_	O	_	_	InSecondaryReference|NoSpaceAfter|LED0.17
,	O	_	I-scope	_	_	O	_	_	InSecondaryReference|LED0.17
2	O	_	I-scope	_	_	O	_	_	InSecondaryReference|NoSpaceAfter|LED0.17
.	O	_	O	_	_	O	_	_	EndOfSentence
461	O	_	O	_	_	O	_	_	NoSpaceAfter
.	O	_	O	_	_	O	_	_	_
μόνους	O	_	O	_	_	O	_	_	_
λιτών	O	_	O	_	_	O	_	_	_
niht	O	_	O	_	_	O	_	_	_
„	O	_	O	_	_	O	_	_	NoSpaceAfter
allein	O	_	O	_	_	O	_	_	_
laſſend	O	_	O	_	_	O	_	_	NoSpaceAfter
“	O	_	O	_	_	O	_	_	NoSpaceAfter
,	O	_	O	_	_	O	_	_	_
ſondern	O	_	O	_	_	O	_	_	_
„	O	_	O	_	_	O	_	_	NoSpaceAfter
verlaſſend	O	_	O	_	_	O	_	_	NoSpaceAfter
“	O	_	O	_	_	O	_	_	_
(	O	_	O	_	_	O	_	_	NoSpaceAfter
μόνους	O	_	O	_	_	O	_	_	_
ἐμοῦ	O	_	O	_	_	O	_	_	_
λιπών	O	_	O	_	_	O	_	_	NoSpaceAfter
)	O	_	O	_	_	O	_	_	NoSpaceAfter
.	O	_	O	_	_	O	_	_	_
Vgl	O	_	O	_	_	O	_	_	NoSpaceAfter
.	O	_	O	_	_	O	_	_	_
Eur	O	_	B-pers.author	_	_	O	Q48305	_	InPrimaryReference|NoSpaceAfter|LED0.00
.	O	_	I-pers.author	_	_	O	Q48305	_	InPrimaryReference|LED0.00
Med	O	_	B-work.primlit	_	_	O	Q286381	_	InPrimaryReference|NoSpaceAfter|LED0.00
.	O	_	I-work.primlit	_	_	O	Q286381	_	InPrimaryReference|LED0.00
52	O	_	B-scope	_	_	O	_	_	InPrimaryReference|LED0.00
πῶς	O	_	O	_	_	O	_	_	_
σοῦ	O	_	O	_	_	O	_	_	_
Μήδεια	O	_	O	_	_	O	_	_	_
λείπεσθαι	O	_	O	_	_	O	_	_	_
θέλει	O	_	O	_	_	O	_	_	NoSpaceAfter
;	O	_	O	_	_	O	_	_	_
Hom	O	_	B-pers.author	_	_	O	Q6691	_	InPrimaryReference|NoSpaceAfter|LED0.00
.	O	_	I-pers.author	_	_	O	Q6691	_	InPrimaryReference|LED0.00
I	O	_	B-scope	_	_	O	_	_	InPrimaryReference|LED0.00
437	O	_	I-scope	_	_	O	_	_	EndOfSentence|InPrimaryReference|LED0.00

# hipe2022:original_source = data/preparation/corpus/de/retokenized/sophokle1v3soph_0049.xmi
# hipe2022:license = CC-BY
# hipe2022:language = de
# hipe2022:document_type = commentary
# hipe2022:document_id = sophokle1v3soph_0049
# hipe2022:date = 1853-01-01
# hipe2022:dataset = ajmc
# hipe2022:applicable_columns = TOKEN NE-COARSE-LIT NE-FINE-LIT NE-NESTED NEL-LIT MISC
# ajmc:version = v0.3
# ajmc:title = Sophokles, erklärt
# ajmc:publication_place = Leipzig
# ajmc:publication_date = 1853
# ajmc:page = 49
# ajmc:author = Schneidewin, Friedrich Wilhelm
πιγξ	O	_	O	_	_	O	_	_	NoSpaceAfter
,	O	_	O	_	_	O	_	_	_
Ns	O	_	O	_	_	O	_	_	_
τότ᾽	O	_	O	_	_	O	_	_	_
ἀριζήλη	O	_	O	_	_	O	_	_	_
φωνὴ	O	_	O	_	_	O	_	_	_
γέver	O	_	O	_	_	O	_	_	NoSpaceAfter
Αἰαχίδαο	O	_	O	_	_	O	_	_	NoSpaceAfter
.	O	_	O	_	_	O	_	_	EndOfSentence
19	O	_	O	_	_	O	_	_	NoSpaceAfter
.	O	_	O	_	_	O	_	_	_
τῷ	O	_	O	_	_	O	_	_	_
σαχεςφόρῳ	O	_	O	_	_	O	_	_	NoSpaceAfter
,	O	_	O	_	_	O	_	_	_
wegen	O	_	O	_	_	O	_	_	_
des	O	_	O	_	_	O	_	_	_
gewaltigen	O	_	O	_	_	O	_	_	_
Schildes	O	_	O	_	_	O	_	_	_
(	O	_	O	_	_	O	_	_	NoSpaceAfter
572	O	_	B-scope	_	_	O	_	_	InPrimaryReference|NoSpaceAfter|LED0.00
)	O	_	O	_	_	O	_	_	_
11	O	_	B-work.primlit	_	_	O	Q8275	_	InPrimaryReference|NoSpaceAfter|LED0.67
.	O	_	I-work.primlit	_	_	O	Q8275	_	InPrimaryReference|NoSpaceAfter|LED0.67
7	O	_	B-scope	_	_	O	_	_	InPrimaryReference|NoSpaceAfter|LED0.00
,	O	_	I-scope	_	_	O	_	_	InPrimaryReference|LED0.00
219	O	_	I-scope	_	_	O	_	_	InPrimaryReference|LED0.00
ff	O	_	I-scope	_	_	O	_	_	InPrimaryReference|NoSpaceAfter|LED0.00
.	O	_	I-scope	_	_	O	_	_	InPrimaryReference|NoSpaceAfter|LED0.00
,	O	_	O	_	_	O	_	_	_
wodurch	O	_	O	_	_	O	_	_	_
er	O	_	O	_	_	O	_	_	_
von	O	_	O	_	_	O	_	_	_
dem	O	_	O	_	_	O	_	_	_
schnellfüssigen	O	_	O	_	_	O	_	_	NoSpaceAfter
Lokrischen	O	_	O	_	_	O	_	_	_
Aias	O	_	B-pers.myth	_	_	O	Q242319	_	NoSpaceAfter|LED0.00
,	O	_	O	_	_	O	_	_	_
Oileus	O	_	B-pers.myth	_	_	O	Q975447	_	NoSpaceAfter|LED0.83
’	O	_	O	_	_	O	_	_	_
Sohn	O	_	O	_	_	O	_	_	NoSpaceAfter
,	O	_	O	_	_	O	_	_	_
unterschieden	O	_	O	_	_	O	_	_	_
wird	O	_	O	_	_	O	_	_	NoSpaceAfter
.	O	_	O	_	_	O	_	_	EndOfSentence
Zu	O	_	O	_	_	O	_	_	_
dieser	O	_	O	_	_	O	_	_	NoSpaceAfter
Ehrenwalle	O	_	O	_	_	O	_	_	_
bildet	O	_	O	_	_	O	_	_	_
die	O	_	O	_	_	O	_	_	_
μάστιξ	O	_	O	_	_	O	_	_	_
des	O	_	O	_	_	O	_	_	_
später	O	_	O	_	_	O	_	_	_
als	O	_	O	_	_	O	_	_	_
μαστιγοφόρος	O	_	O	_	_	O	_	_	_
heraustreienden	O	_	O	_	_	O	_	_	NoSpaceAfter
wahnsinnigen	O	_	O	_	_	O	_	_	_
Helden	O	_	O	_	_	O	_	_	_
einen	O	_	O	_	_	O	_	_	_
grellen	O	_	O	_	_	O	_	_	_
Gegensatz	O	_	O	_	_	O	_	_	NoSpaceAfter
.	O	_	O	_	_	O	_	_	EndOfSentence
21	O	_	O	_	_	O	_	_	NoSpaceAfter
.	O	_	O	_	_	O	_	_	_
ὃ	O	_	O	_	_	O	_	_	_
σκοπόν	O	_	O	_	_	O	_	_	NoSpaceAfter
,	O	_	O	_	_	O	_	_	_
unerklärlich	O	_	O	_	_	O	_	_	NoSpaceAfter
,	O	_	O	_	_	O	_	_	_
dunkel	O	_	O	_	_	O	_	_	NoSpaceAfter
,	O	_	O	_	_	O	_	_	_
mit	O	_	O	_	_	O	_	_	_
Bezug	O	_	O	_	_	O	_	_	_
auf	O	_	O	_	_	O	_	_	_
νυχτός	O	_	O	_	_	O	_	_	NoSpaceAfter
,	O	_	O	_	_	O	_	_	_
vgl	O	_	O	_	_	O	_	_	NoSpaceAfter
.	O	_	O	_	_	O	_	_	_
40	O	_	B-scope	_	_	O	_	_	InPrimaryReference|NoSpaceAfter|LED0.00
.	O	_	O	_	_	O	_	_	_
Von	O	_	O	_	_	O	_	_	_
hier	O	_	O	_	_	O	_	_	_
an	O	_	O	_	_	O	_	_	_
folgt	O	_	O	_	_	O	_	_	_
Od	O	_	B-pers.myth	_	_	O	Q47231	_	NoSpaceAfter|LED0.00
.	O	_	I-pers.myth	_	_	O	Q47231	_	LED0.00
der	O	_	O	_	_	O	_	_	_
Aufforderung	O	_	O	_	_	O	_	_	_
12	O	_	B-scope	_	_	O	_	_	InPrimaryReference|NoSpaceAfter|LED0.00
.	O	_	O	_	_	O	_	_	EndOfSentence
23	O	_	O	_	_	O	_	_	NoSpaceAfter
.	O	_	O	_	_	O	_	_	_
11	O	_	B-work.primlit	_	_	O	Q8275	_	InPrimaryReference|NoSpaceAfter|LED0.67
.	O	_	I-work.primlit	_	_	O	Q8275	_	InPrimaryReference|NoSpaceAfter|LED0.67
2	O	_	B-scope	_	_	O	_	_	InPrimaryReference|NoSpaceAfter|LED0.00
,	O	_	I-scope	_	_	O	_	_	InPrimaryReference|LED0.00
486	O	_	I-scope	_	_	O	_	_	InPrimaryReference|LED0.00
ἡμεῖς	O	_	O	_	_	O	_	_	_
δὲ	O	_	O	_	_	O	_	_	_
κλέος	O	_	O	_	_	O	_	_	_
οἷον	O	_	O	_	_	O	_	_	_
ἀκούομεν	O	_	O	_	_	O	_	_	_
“	O	_	O	_	_	O	_	_	NoSpaceAfter
οὐδέ	O	_	O	_	_	O	_	_	_
τι	O	_	O	_	_	O	_	_	_
tduer	O	_	O	_	_	O	_	_	NoSpaceAfter
.	O	_	O	_	_	O	_	_	EndOfSentence
25	O	_	O	_	_	O	_	_	NoSpaceAfter
.	O	_	O	_	_	O	_	_	_
γάρ	O	_	O	_	_	O	_	_	_
gcht	O	_	O	_	_	O	_	_	_
auf	O	_	O	_	_	O	_	_	_
21	O	_	B-scope	_	_	O	_	_	InPrimaryReference|LED0.00
πρᾶγος	O	_	O	_	_	O	_	_	_
ἄσκοπον	O	_	O	_	_	O	_	_	_
ἔχει	O	_	O	_	_	O	_	_	_
περάνας	O	_	O	_	_	O	_	_	_
zurück	O	_	O	_	_	O	_	_	NoSpaceAfter
,	O	_	O	_	_	O	_	_	_
indem	O	_	O	_	_	O	_	_	NoSpaceAfter
23	O	_	B-scope	_	_	O	_	_	InPrimaryReference|NoSpaceAfter|LED0.00
.	O	_	O	_	_	O	_	_	EndOfSentence|InPrimaryReference
24	O	_	B-scope	_	_	O	_	_	InPrimaryReference|LED0.00
zur	O	_	O	_	_	O	_	_	_
nähern	O	_	O	_	_	O	_	_	_
Erläuterung	O	_	O	_	_	O	_	_	_
von	O	_	O	_	_	O	_	_	_
εἴπερ	O	_	O	_	_	O	_	_	_
εἴργασται	O	_	O	_	_	O	_	_	_
τάδε	O	_	O	_	_	O	_	_	_
(	O	_	O	_	_	O	_	_	NoSpaceAfter
das	O	_	O	_	_	O	_	_	_
Folgende	O	_	O	_	_	O	_	_	NoSpaceAfter
,	O	_	O	_	_	O	_	_	_
Ant	O	_	B-work.primlit	_	_	O	Q241077	_	InPrimaryReference|NoSpaceAfter|LED0.00
.	O	_	I-work.primlit	_	_	O	Q241077	_	InPrimaryReference|LED0.00
229	O	_	B-scope	_	_	O	_	_	InPrimaryReference|NoSpaceAfter|LED0.00
)	O	_	O	_	_	O	_	_	_
dienen	O	_	O	_	_	O	_	_	NoSpaceAfter
.	O	_	O	_	_	O	_	_	EndOfSentence
Man	O	_	O	_	_	O	_	_	_
beachte	O	_	O	_	_	O	_	_	_
das	O	_	O	_	_	O	_	_	_
viermalige	O	_	O	_	_	O	_	_	_
γάρ	O	_	O	_	_	O	_	_	_
seit	O	_	O	_	_	O	_	_	_
20	O	_	B-scope	_	_	O	_	_	InPrimaryReference|NoSpaceAfter|LED0.00
.	O	_	O	_	_	O	_	_	EndOfSentence
21	O	_	O	_	_	O	_	_	NoSpaceAfter
.	O	_	O	_	_	O	_	_	NoSpaceAfter
ἐκ	O	_	O	_	_	O	_	_	_
χειρός	O	_	O	_	_	O	_	_	NoSpaceAfter
,	O	_	O	_	_	O	_	_	_
vonMenschenhand	O	_	O	_	_	O	_	_	NoSpaceAfter
hingestreckt	O	_	O	_	_	O	_	_	NoSpaceAfter
,	O	_	O	_	_	O	_	_	_
nicht	O	_	O	_	_	O	_	_	_
von	O	_	O	_	_	O	_	_	_
wilden	O	_	O	_	_	O	_	_	_
Thieren	O	_	O	_	_	O	_	_	_
zerrissen	O	_	O	_	_	O	_	_	NoSpaceAfter
.	O	_	O	_	_	O	_	_	EndOfSentence
Die	O	_	O	_	_	O	_	_	_
Hirten	O	_	O	_	_	O	_	_	NoSpaceAfter
lässt	O	_	O	_	_	O	_	_	_
Soph	O	_	B-pers.author	_	_	O	Q11950683	_	NoSpaceAfter|LED0.00
.	O	_	I-pers.author	_	_	O	Q11950683	_	LED0.00
mitgemordet	O	_	O	_	_	O	_	_	_
sein	O	_	O	_	_	O	_	_	_
(	O	_	O	_	_	O	_	_	NoSpaceAfter
231	O	_	B-scope	_	_	O	_	_	InPrimaryReference|NoSpaceAfter|LED0.00
)	O	_	O	_	_	O	_	_	NoSpaceAfter
,	O	_	O	_	_	O	_	_	_
weil	O	_	O	_	_	O	_	_	_
sie	O	_	O	_	_	O	_	_	_
sonst	O	_	O	_	_	O	_	_	_
den	O	_	O	_	_	O	_	_	_
Thäter	O	_	O	_	_	O	_	_	_
hätten	O	_	O	_	_	O	_	_	_
verrathen	O	_	O	_	_	O	_	_	_
können	O	_	O	_	_	O	_	_	NoSpaceAfter
.	O	_	O	_	_	O	_	_	EndOfSentence
Mit	O	_	O	_	_	O	_	_	_
&rzıστάταις	O	_	O	_	_	O	_	_	NoSpaceAfter
vgl	O	_	O	_	_	O	_	_	NoSpaceAfter
.	O	_	O	_	_	O	_	_	_
O	O	_	B-work.primlit	_	_	O	Q148643	_	InPrimaryReference|NoSpaceAfter|LED0.00
.	O	_	I-work.primlit	_	_	O	Q148643	_	InPrimaryReference|LED0.00
R	O	_	I-work.primlit	_	_	O	Q148643	_	InPrimaryReference|NoSpaceAfter|LED0.00
.	O	_	I-work.primlit	_	_	O	Q148643	_	InPrimaryReference|LED0.00
1028	O	_	B-scope	_	_	O	_	_	InPrimaryReference|NoSpaceAfter|LED0.00
.	O	_	O	_	_	O	_	_	EndOfSentence
ϑ0	O	_	O	_	_	O	_	_	NoSpaceAfter
.	O	_	O	_	_	O	_	_	NoSpaceAfter
πη	O	_	O	_	_	O	_	_	_
δῶν	O	_	O	_	_	O	_	_	_
nedie	O	_	O	_	_	O	_	_	NoSpaceAfter
,	O	_	O	_	_	O	_	_	_
dieEbene	O	_	O	_	_	O	_	_	_
durchstürmen	O	_	O	_	_	O	_	_	NoSpaceAfter
,	O	_	O	_	_	O	_	_	_
wie	O	_	O	_	_	O	_	_	_
845	O	_	B-scope	_	_	O	_	_	InPrimaryReference|LED0.00
διφρηλατεῖν	O	_	O	_	_	O	_	_	NoSpaceAfter
τὸν	O	_	O	_	_	O	_	_	_
οὐρανόν	O	_	O	_	_	O	_	_	NoSpaceAfter
,	O	_	O	_	_	O	_	_	_
vgl	O	_	O	_	_	O	_	_	NoSpaceAfter
.	O	_	O	_	_	O	_	_	_
164	O	_	B-scope	_	_	O	_	_	InPrimaryReference|NoSpaceAfter|LED0.00
.	O	_	O	_	_	O	_	_	EndOfSentence
31	O	_	O	_	_	O	_	_	NoSpaceAfter
.	O	_	O	_	_	O	_	_	_
poaleı	O	_	O	_	_	O	_	_	_
re	O	_	O	_	_	O	_	_	_
κἀδήλωσεν	O	_	O	_	_	O	_	_	NoSpaceAfter
,	O	_	O	_	_	O	_	_	_
verkündet	O	_	O	_	_	O	_	_	_
und	O	_	O	_	_	O	_	_	_
gab	O	_	O	_	_	O	_	_	_
danndie	O	_	O	_	_	O	_	_	_
näheren	O	_	O	_	_	O	_	_	_
Umstände	O	_	O	_	_	O	_	_	_
an	O	_	O	_	_	O	_	_	NoSpaceAfter
.	O	_	O	_	_	O	_	_	EndOfSentence
Prä	O	_	O	_	_	O	_	_	NoSpaceAfter
-	O	_	O	_	_	O	_	_	_
sens	O	_	O	_	_	O	_	_	_
neben	O	_	O	_	_	O	_	_	_
Aor	O	_	O	_	_	O	_	_	NoSpaceAfter
.	O	_	O	_	_	O	_	_	NoSpaceAfter
,	O	_	O	_	_	O	_	_	_
wie	O	_	O	_	_	O	_	_	_
Ant	O	_	B-work.primlit	_	_	O	Q241077	_	InPrimaryReference|NoSpaceAfter|LED0.00
.	O	_	I-work.primlit	_	_	O	Q241077	_	InPrimaryReference|LED0.00
406	O	_	B-scope	_	_	O	_	_	InPrimaryReference|NoSpaceAfter|LED0.00
.	O	_	O	_	_	O	_	_	EndOfSentence
32f	O	_	O	_	_	O	_	_	NoSpaceAfter
.	O	_	O	_	_	O	_	_	_
zar	O	_	O	_	_	O	_	_	NoSpaceAfter
’	O	_	O	_	_	O	_	_	_
ἴχνος	O	_	O	_	_	O	_	_	_
ἄσσω	O	_	O	_	_	O	_	_	NoSpaceAfter
,	O	_	O	_	_	O	_	_	_
vgl	O	_	O	_	_	O	_	_	NoSpaceAfter
.	O	_	O	_	_	O	_	_	_
6	O	_	B-scope	_	_	O	_	_	InPrimaryReference|NoSpaceAfter|LED0.00
.	O	_	I-scope	_	_	O	_	_	InPrimaryReference|LED0.00
20	O	_	I-scope	_	_	O	_	_	InPrimaryReference|NoSpaceAfter|LED0.00
.	O	_	O	_	_	O	_	_	EndOfSentence
—	O	_	O	_	_	O	_	_	_
σημαίνομαι	B-work	_	O	_	_	O	_	_	NoSpaceAfter
,	O	_	O	_	_	O	_	_	_
τεχμαίgouct,lege	O	_	O	_	_	O	_	_	NoSpaceAfter
ich	O	_	O	_	_	O	_	_	_
miraus	O	_	O	_	_	O	_	_	NoSpaceAfter
,	O	_	O	_	_	O	_	_	_
ἐξιχνο	O	_	O	_	_	O	_	_	NoSpaceAfter
-	O	_	O	_	_	O	_	_	_
σχοποῦμαι	O	_	O	_	_	O	_	_	_
997	O	_	B-scope	_	_	O	_	_	InPrimaryReference|NoSpaceAfter|LED0.00
.	O	_	O	_	_	O	_	_	EndOfSentence
Odysseus	O	_	B-pers.myth	_	_	O	Q47231	_	LED0.00
erkennt	O	_	O	_	_	O	_	_	_
aus	O	_	O	_	_	O	_	_	_
den	O	_	O	_	_	O	_	_	_
Spuren	O	_	O	_	_	O	_	_	NoSpaceAfter
,	O	_	O	_	_	O	_	_	_
dass	O	_	O	_	_	O	_	_	_
Aias	O	_	B-pers.myth	_	_	O	Q172725	_	LED0.00
der	O	_	O	_	_	O	_	_	_
Thä	O	_	O	_	_	O	_	_	NoSpaceAfter
-	O	_	O	_	_	O	_	_	_
ter	O	_	O	_	_	O	_	_	_
ist	O	_	O	_	_	O	_	_	NoSpaceAfter
,	O	_	O	_	_	O	_	_	_
aber	O	_	O	_	_	O	_	_	_
den	O	_	O	_	_	O	_	_	_
Grund	O	_	O	_	_	O	_	_	_
des	O	_	O	_	_	O	_	_	_
wahnsinnigen	O	_	O	_	_	O	_	_	NoSpaceAfter
Sehlachtens	O	_	O	_	_	O	_	_	_
und	O	_	O	_	_	O	_	_	_
Forttreibens	O	_	O	_	_	O	_	_	NoSpaceAfter
der	O	_	O	_	_	O	_	_	_
Thiere	O	_	O	_	_	O	_	_	_
erkennt	O	_	O	_	_	O	_	_	_
er	O	_	O	_	_	O	_	_	_
nicht	O	_	O	_	_	O	_	_	_
(	O	_	O	_	_	O	_	_	NoSpaceAfter
τὰ	O	_	O	_	_	O	_	_	_
δέ	O	_	O	_	_	O	_	_	NoSpaceAfter
)	O	_	O	_	_	O	_	_	NoSpaceAfter
,	O	_	O	_	_	O	_	_	_
bevor	O	_	O	_	_	O	_	_	_
ihn	O	_	O	_	_	O	_	_	_
Athene	O	_	B-pers.myth	_	_	O	Q37122	_	LED0.00
belehrt	O	_	O	_	_	O	_	_	NoSpaceAfter
.	O	_	O	_	_	O	_	_	EndOfSentence
—	O	_	O	_	_	O	_	_	_
χοὺχ	O	_	O	_	_	O	_	_	_
ἔχω	O	_	O	_	_	O	_	_	_
U	O	_	O	_	_	O	_	_	NoSpaceAfter
.	O	_	O	_	_	O	_	_	_
ὅτου	O	_	O	_	_	O	_	_	NoSpaceAfter
,	O	_	O	_	_	O	_	_	_
ὅτου	O	_	O	_	_	O	_	_	_
μάϑω	O	_	O	_	_	O	_	_	_
ταῦτα	O	_	O	_	_	O	_	_	NoSpaceAfter
,	O	_	O	_	_	O	_	_	_
wesshalb	O	_	O	_	_	O	_	_	_
du	O	_	O	_	_	O	_	_	_
mir	O	_	O	_	_	O	_	_	_
gerade	O	_	O	_	_	O	_	_	NoSpaceAfter
recht	O	_	O	_	_	O	_	_	_
kommst	O	_	O	_	_	O	_	_	NoSpaceAfter
,	O	_	O	_	_	O	_	_	_
vgl	O	_	O	_	_	O	_	_	NoSpaceAfter
.	O	_	O	_	_	O	_	_	_
378	B-work	_	B-scope	_	_	O	_	_	InPrimaryReference|NoSpaceAfter|LED0.00
.	O	_	O	_	_	O	_	_	EndOfSentence
Das	O	_	O	_	_	O	_	_	_
rathlose	O	_	O	_	_	O	_	_	_
Staunen	O	_	O	_	_	O	_	_	_
des	O	_	O	_	_	O	_	_	NoSpaceAfter
.	O	_	O	_	_	O	_	_	_
Od	O	_	B-pers.myth	_	_	O	Q47231	_	NoSpaceAfter|LED0.00
.	O	_	I-pers.myth	_	_	O	Q47231	_	LED0.00
drückt	O	_	O	_	_	O	_	_	_
sich	O	_	O	_	_	O	_	_	_
in	O	_	O	_	_	O	_	_	_
der	O	_	O	_	_	O	_	_	_
bei	O	_	O	_	_	O	_	_	_
den	O	_	O	_	_	O	_	_	_
älteren	O	_	O	_	_	O	_	_	_
Dichtern	O	_	O	_	_	O	_	_	NoSpaceAfter
seltenen	O	_	O	_	_	O	_	_	_
Verbindung	O	_	O	_	_	O	_	_	_
mit	O	_	O	_	_	O	_	_	_
dem	O	_	O	_	_	O	_	_	_
Inf	O	_	O	_	_	O	_	_	NoSpaceAfter
.	O	_	O	_	_	O	_	_	_
aus	O	_	O	_	_	O	_	_	NoSpaceAfter
,	O	_	O	_	_	O	_	_	_
weiss	O	_	O	_	_	O	_	_	_
nicht	O	_	O	_	_	O	_	_	_
von	O	_	O	_	_	O	_	_	_
wem	O	_	O	_	_	O	_	_	_
erfahren	O	_	O	_	_	O	_	_	NoSpaceAfter
,	O	_	O	_	_	O	_	_	_
wie	O	_	O	_	_	O	_	_	_
ἐν	O	_	O	_	_	O	_	_	_
ἀπόρῳ	O	_	O	_	_	O	_	_	_
εἶχον	O	_	O	_	_	O	_	_	EndOfSentence

# hipe2022:original_source = data/preparation/corpus/de/retokenized/sophokle1v3soph_0051.xmi
# hipe2022:license = CC-BY
# hipe2022:language = de
# hipe2022:document_type = commentary
# hipe2022:document_id = sophokle1v3soph_0051
# hipe2022:date = 1853-01-01
# hipe2022:dataset = ajmc
# hipe2022:applicable_columns = TOKEN NE-COARSE-LIT NE-FINE-LIT NE-NESTED NEL-LIT MISC
# ajmc:version = v0.3
# ajmc:title = Sophokles, erklärt
# ajmc:publication_place = Leipzig
# ajmc:publication_date = 1853
# ajmc:page = 51
# ajmc:author = Schneidewin, Friedrich Wilhelm
tet	O	_	O	_	_	O	_	_	NoSpaceAfter
?	O	_	O	_	_	O	_	_	EndOfSentence
El	O	_	B-work.primlit	_	_	O	Q733444	_	InPrimaryReference|NoSpaceAfter|LED0.00
.	O	_	I-work.primlit	_	_	O	Q733444	_	InPrimaryReference|LED0.00
377	O	_	B-scope	_	_	O	_	_	InPrimaryReference|LED0.00
7	O	_	O	_	_	O	_	_	_
ταῦτα	O	_	O	_	_	O	_	_	_
δή	O	_	O	_	_	O	_	_	_
με	O	_	O	_	_	O	_	_	_
καὶ	O	_	O	_	_	O	_	_	_
βεβούλευνται	O	_	O	_	_	O	_	_	_
ποιεῖν	O	_	O	_	_	O	_	_	NoSpaceAfter
;	O	_	O	_	_	O	_	_	EndOfSentence
45	O	_	O	_	_	O	_	_	_
ἐξεπράξατ᾽	O	_	O	_	_	O	_	_	_
Laur	B-pers	_	B-object.manuscr	_	_	O	_	_	NoSpaceAfter|LED0.00
.	O	_	I-object.manuscr	_	_	O	_	_	LED0.00
A	O	_	I-object.manuscr	_	_	O	_	_	NoSpaceAfter|LED0.00
,	O	_	O	_	_	O	_	_	_
ἐξέroasev	O	_	O	_	_	O	_	_	NoSpaceAfter
vulgo	O	_	O	_	_	O	_	_	NoSpaceAfter
.	O	_	O	_	_	O	_	_	EndOfSentence
Schol	O	_	O	_	_	O	_	_	NoSpaceAfter
.	O	_	O	_	_	O	_	_	_
μὴ	O	_	O	_	_	O	_	_	_
λέγε	O	_	O	_	_	O	_	_	_
βούλευμα᾽	O	_	O	_	_	O	_	_	NoSpaceAfter
οὐ	O	_	O	_	_	O	_	_	_
‚	O	_	O	_	_	O	_	_	NoSpaceAfter
vag	O	_	O	_	_	O	_	_	_
ἣν	O	_	O	_	_	O	_	_	_
βούλευμα	O	_	O	_	_	O	_	_	NoSpaceAfter
.	O	_	O	_	_	O	_	_	_
ἀλλὰ	O	_	O	_	_	O	_	_	_
πρᾶγμ	O	_	O	_	_	O	_	_	_
εἰ	O	_	O	_	_	O	_	_	_
χατημέλησα	O	_	O	_	_	O	_	_	_
ἐγώ	O	_	O	_	_	O	_	_	NoSpaceAfter
.	O	_	O	_	_	O	_	_	EndOfSentence
Da	O	_	O	_	_	O	_	_	_
das	O	_	O	_	_	O	_	_	_
Medium	O	_	O	_	_	O	_	_	_
in	O	_	O	_	_	O	_	_	_
dem	O	_	O	_	_	O	_	_	_
hier	O	_	O	_	_	O	_	_	_
erforderlichen	O	_	O	_	_	O	_	_	NoSpaceAfter
Sinne	O	_	O	_	_	O	_	_	_
ohne	O	_	O	_	_	O	_	_	_
Beispiel	O	_	O	_	_	O	_	_	_
ist	O	_	O	_	_	O	_	_	NoSpaceAfter
,	O	_	O	_	_	O	_	_	_
habe	O	_	O	_	_	O	_	_	_
ich	O	_	O	_	_	O	_	_	_
ἐξέπραξ᾽	O	_	O	_	_	O	_	_	_
ὧν	O	_	O	_	_	O	_	_	_
geschrieben	O	_	O	_	_	O	_	_	NoSpaceAfter
.	O	_	O	_	_	O	_	_	EndOfSentence
46	O	_	O	_	_	O	_	_	NoSpaceAfter
.	O	_	O	_	_	O	_	_	_
Nämlich	O	_	O	_	_	O	_	_	_
ἐβουλεύσατο	O	_	O	_	_	O	_	_	_
£	O	_	O	_	_	O	_	_	_
Ev	O	_	O	_	_	O	_	_	_
ἡμῖν	O	_	O	_	_	O	_	_	_
χεῖρα	O	_	O	_	_	O	_	_	_
χραίνεσϑαι	O	_	O	_	_	O	_	_	_
φόνῳ	O	_	O	_	_	O	_	_	NoSpaceAfter
,	O	_	O	_	_	O	_	_	_
indem	O	_	O	_	_	O	_	_	_
Od	O	_	B-pers.myth	_	_	O	Q47231	_	NoSpaceAfter|LED0.00
.	O	_	I-pers.myth	_	_	O	Q47231	_	LED0.00
seine	O	_	O	_	_	O	_	_	_
Frage	O	_	O	_	_	O	_	_	_
(	O	_	O	_	_	O	_	_	NoSpaceAfter
44	O	_	B-scope	_	_	O	_	_	InPrimaryReference|NoSpaceAfter|LED0.00
)	O	_	O	_	_	O	_	_	_
erweiternd	O	_	O	_	_	O	_	_	_
wiederholt	O	_	O	_	_	O	_	_	NoSpaceAfter
,	O	_	O	_	_	O	_	_	_
da	O	_	O	_	_	O	_	_	_
ihm	O	_	O	_	_	O	_	_	_
ein	O	_	O	_	_	O	_	_	_
so	O	_	O	_	_	O	_	_	_
tollkühnes	O	_	O	_	_	O	_	_	NoSpaceAfter
Woagstück	O	_	O	_	_	O	_	_	_
kaum	O	_	O	_	_	O	_	_	_
glaublich	O	_	O	_	_	O	_	_	_
scheint	O	_	O	_	_	O	_	_	NoSpaceAfter
.	O	_	O	_	_	O	_	_	EndOfSentence
47	O	_	O	_	_	O	_	_	NoSpaceAfter
.	O	_	O	_	_	O	_	_	_
δόλιος	O	_	O	_	_	O	_	_	NoSpaceAfter
.	O	_	O	_	_	O	_	_	_
So	O	_	O	_	_	O	_	_	_
sehr	O	_	O	_	_	O	_	_	_
hat	O	_	O	_	_	O	_	_	_
der	O	_	O	_	_	O	_	_	_
Groll	O	_	O	_	_	O	_	_	_
wegen	O	_	O	_	_	O	_	_	_
der	O	_	O	_	_	O	_	_	_
Zurücksetzung	O	_	O	_	_	O	_	_	_
das	O	_	O	_	_	O	_	_	_
gerade	O	_	O	_	_	O	_	_	_
Wesen	O	_	O	_	_	O	_	_	_
des	O	_	O	_	_	O	_	_	_
Aias	O	_	B-pers.myth	_	_	O	Q172725	_	LED0.00
verändert	O	_	O	_	_	O	_	_	NoSpaceAfter
,	O	_	O	_	_	O	_	_	_
dass	O	_	O	_	_	O	_	_	_
er	O	_	O	_	_	O	_	_	_
im	O	_	O	_	_	O	_	_	_
Dunkel	O	_	O	_	_	O	_	_	_
der	O	_	O	_	_	O	_	_	_
Nacht	O	_	O	_	_	O	_	_	_
seine	O	_	O	_	_	O	_	_	_
Rache	O	_	O	_	_	O	_	_	_
hinterlistig	O	_	O	_	_	O	_	_	_
ausführen	O	_	O	_	_	O	_	_	_
will	O	_	O	_	_	O	_	_	NoSpaceAfter
.	O	_	O	_	_	O	_	_	EndOfSentence
Und	O	_	O	_	_	O	_	_	_
dazu	O	_	O	_	_	O	_	_	_
μόνος	O	_	O	_	_	O	_	_	_
(	O	_	O	_	_	O	_	_	NoSpaceAfter
29	B-work	_	B-scope	_	_	O	_	_	InPrimaryReference|NoSpaceAfter|LED0.00
.	I-work	_	O	_	_	O	_	_	InPrimaryReference
294	B-scope	_	B-scope	_	_	O	_	_	InPrimaryReference|NoSpaceAfter|LED0.00
)	O	_	O	_	_	O	_	_	_
im	O	_	O	_	_	O	_	_	_
trotzigen	O	_	O	_	_	O	_	_	_
Vertrauen	O	_	O	_	_	O	_	_	NoSpaceAfter
,	O	_	O	_	_	O	_	_	_
seine	O	_	O	_	_	O	_	_	_
Stärke	O	_	O	_	_	O	_	_	_
sei	O	_	O	_	_	O	_	_	_
im	O	_	O	_	_	O	_	_	_
Stande	O	_	O	_	_	O	_	_	NoSpaceAfter
,	O	_	O	_	_	O	_	_	_
die	O	_	O	_	_	O	_	_	_
Gesammtheit	O	_	O	_	_	O	_	_	_
zu	O	_	O	_	_	O	_	_	_
bewältigen	O	_	O	_	_	O	_	_	NoSpaceAfter
.	O	_	O	_	_	O	_	_	EndOfSentence
49	O	_	O	_	_	O	_	_	NoSpaceAfter
.	O	_	O	_	_	O	_	_	_
δισσαὶ	O	_	O	_	_	O	_	_	_
πύλαι	O	_	O	_	_	O	_	_	NoSpaceAfter
,	O	_	O	_	_	O	_	_	_
die	O	_	O	_	_	O	_	_	_
der	O	_	O	_	_	O	_	_	_
δισσοὶ	O	_	O	_	_	O	_	_	_
Argeidaı	O	_	O	_	_	O	_	_	NoSpaceAfter
.	O	_	O	_	_	O	_	_	EndOfSentence
5l	O	_	O	_	_	O	_	_	NoSpaceAfter
.	O	_	O	_	_	O	_	_	_
δύςφοροι	O	_	O	_	_	O	_	_	_
γνῶμαι	O	_	O	_	_	O	_	_	NoSpaceAfter
,	O	_	O	_	_	O	_	_	_
Wahnbilder	O	_	O	_	_	O	_	_	_
(	O	_	O	_	_	O	_	_	NoSpaceAfter
sonst	O	_	O	_	_	O	_	_	_
δόξαι	O	_	O	_	_	O	_	_	NoSpaceAfter
,	O	_	O	_	_	O	_	_	_
ἡπαgines),	O	_	O	_	_	O	_	_	NoSpaceAfter
unter	O	_	O	_	_	O	_	_	_
deren	O	_	O	_	_	O	_	_	_
Wucht	O	_	O	_	_	O	_	_	_
der	O	_	O	_	_	O	_	_	_
VerStand	O	_	O	_	_	O	_	_	NoSpaceAfter
erliegt	O	_	O	_	_	O	_	_	NoSpaceAfter
:	O	_	O	_	_	O	_	_	_
643	O	_	B-scope	_	_	O	_	_	InPrimaryReference|LED0.00
δύςφορος	O	_	O	_	_	O	_	_	_
ἄτα	O	_	O	_	_	O	_	_	NoSpaceAfter
.	O	_	O	_	_	O	_	_	_
441	O	_	B-scope	_	_	O	_	_	InPrimaryReference|LED0.00
φρένες	O	_	O	_	_	O	_	_	_
διάστροφοι	O	_	O	_	_	O	_	_	NoSpaceAfter
.	O	_	O	_	_	O	_	_	EndOfSentence
(	O	_	O	_	_	O	_	_	NoSpaceAfter
Eine	O	_	O	_	_	O	_	_	_
Glosse	O	_	O	_	_	O	_	_	_
παραφόρους	O	_	O	_	_	O	_	_	_
‚	O	_	O	_	_	O	_	_	_
Irreführend.)	O	_	O	_	_	O	_	_	NoSpaceAfter
52	O	_	O	_	_	O	_	_	NoSpaceAfter
.	O	_	O	_	_	O	_	_	NoSpaceAfter
7	O	_	O	_	_	O	_	_	_
ἀνήκεστος	O	_	O	_	_	O	_	_	_
χαὰρ	O	_	O	_	_	O	_	_	_
(	O	_	O	_	_	O	_	_	NoSpaceAfter
,	O	_	O	_	_	O	_	_	_
seine	O	_	O	_	_	O	_	_	_
Lust	O	_	O	_	_	O	_	_	NoSpaceAfter
,	O	_	O	_	_	O	_	_	_
die	O	_	O	_	_	O	_	_	_
Führer	O	_	O	_	_	O	_	_	_
zu	O	_	O	_	_	O	_	_	_
ermorden	O	_	O	_	_	O	_	_	NoSpaceAfter
,	O	_	O	_	_	O	_	_	_
wodurch	O	_	O	_	_	O	_	_	NoSpaceAfter
er	O	_	O	_	_	O	_	_	_
ein	O	_	O	_	_	O	_	_	_
unheilbares	O	_	O	_	_	O	_	_	_
Unglück	O	_	O	_	_	O	_	_	_
gestiftet	O	_	O	_	_	O	_	_	_
haben	O	_	O	_	_	O	_	_	_
würde	O	_	O	_	_	O	_	_	NoSpaceAfter
.	O	_	O	_	_	O	_	_	_
Vgl	O	_	O	_	_	O	_	_	NoSpaceAfter
.	O	_	O	_	_	O	_	_	_
272	O	_	B-scope	_	_	O	_	_	InPrimaryReference|NoSpaceAfter|LED0.00
.	O	_	O	_	_	O	_	_	EndOfSentence
53	O	_	O	_	_	O	_	_	NoSpaceAfter
.	O	_	O	_	_	O	_	_	_
ποῖμναι	O	_	O	_	_	O	_	_	_
die	O	_	O	_	_	O	_	_	_
zur	O	_	O	_	_	O	_	_	_
Nahrung	O	_	O	_	_	O	_	_	_
des	O	_	O	_	_	O	_	_	_
Heeres	O	_	O	_	_	O	_	_	_
gehaltenen	O	_	O	_	_	O	_	_	_
Heerden	O	_	O	_	_	O	_	_	NoSpaceAfter
;	O	_	O	_	_	O	_	_	_
βουκόλων	O	_	O	_	_	O	_	_	_
φ	O	_	O	_	_	O	_	_	_
θουρήματα	O	_	O	_	_	O	_	_	NoSpaceAfter
,	O	_	O	_	_	O	_	_	_
βου	O	_	O	_	_	O	_	_	NoSpaceAfter
-	O	_	O	_	_	O	_	_	_
χόλια	O	_	O	_	_	O	_	_	NoSpaceAfter
,	O	_	O	_	_	O	_	_	_
die	O	_	O	_	_	O	_	_	_
auf	O	_	O	_	_	O	_	_	_
Beutezügen	O	_	O	_	_	O	_	_	_
gewonnenen	O	_	O	_	_	O	_	_	NoSpaceAfter
und	O	_	O	_	_	O	_	_	_
noch	O	_	O	_	_	O	_	_	_
nnveriheilt	O	_	O	_	_	O	_	_	_
auf	O	_	O	_	_	O	_	_	_
der	O	_	O	_	_	O	_	_	_
Weide	O	_	O	_	_	O	_	_	_
waren	O	_	O	_	_	O	_	_	NoSpaceAfter
,	O	_	O	_	_	O	_	_	_
vgl	O	_	O	_	_	O	_	_	NoSpaceAfter
.	O	_	O	_	_	O	_	_	_
146	O	_	B-scope	_	_	O	_	_	InPrimaryReference|NoSpaceAfter|LED0.00
.	O	_	O	_	_	O	_	_	InPrimaryReference
175	O	_	B-scope	_	_	O	_	_	InPrimaryReference|NoSpaceAfter|LED0.00
.	O	_	O	_	_	O	_	_	EndOfSentence
Zu	O	_	O	_	_	O	_	_	_
σύμμικτα	B-work	_	O	_	_	O	_	_	_
λείας	I-work	_	O	_	_	O	_	_	_
(	O	_	O	_	_	O	_	_	NoSpaceAfter
die	O	_	O	_	_	O	_	_	_
gemischten	O	_	O	_	_	O	_	_	NoSpaceAfter
Beutethiere	O	_	O	_	_	O	_	_	NoSpaceAfter
,	O	_	O	_	_	O	_	_	_
zu	O	_	O	_	_	O	_	_	_
Ant	B-work	_	B-work.primlit	_	_	O	Q241077	_	InPrimaryReference|NoSpaceAfter|LED0.00
.	I-work	_	I-work.primlit	_	_	O	Q241077	_	InPrimaryReference|LED0.00
1209	I-work	_	B-scope	_	_	O	_	_	InPrimaryReference|LED0.00
ἄσημα	B-scope	_	O	_	_	O	_	_	_
βοῆς	I-scope	_	O	_	_	O	_	_	NoSpaceAfter
,	O	_	O	_	_	O	_	_	_
vgl	O	_	O	_	_	O	_	_	NoSpaceAfter
.	O	_	O	_	_	O	_	_	_
strata	B-work	_	O	_	_	O	_	_	_
Mar	I-work	_	O	_	_	O	_	_	NoSpaceAfter
)	O	_	O	_	_	O	_	_	_
tritt	O	_	O	_	_	O	_	_	_
ἄϑαστα	O	_	O	_	_	O	_	_	_
αἷς	O	_	O	_	_	O	_	_	_
Grund	O	_	O	_	_	O	_	_	_
ngebend	O	_	O	_	_	O	_	_	_
hinzu	O	_	O	_	_	O	_	_	NoSpaceAfter
.	O	_	O	_	_	O	_	_	EndOfSentence

# hipe2022:original_source = data/preparation/corpus/de/retokenized/Wecklein1894_0055.xmi
# hipe2022:license = CC-BY
# hipe2022:language = de
# hipe2022:document_type = commentary
# hipe2022:document_id = Wecklein1894_0055
# hipe2022:date = 1894-01-01
# hipe2022:dataset = ajmc
# hipe2022:applicable_columns = TOKEN NE-COARSE-LIT NE-FINE-LIT NE-NESTED NEL-LIT MISC
# ajmc:version = v0.3
# ajmc:title = Sophokleus Aias
# ajmc:publication_place = München
# ajmc:publication_date = 1894
# ajmc:page = 55
# ajmc:author = Wecklein, Nikolaus
ἀγωνοϑέται	O	_	O	_	_	O	_	_	NoSpaceAfter
.	O	_	O	_	_	O	_	_	EndOfSentence
573	O	_	O	_	_	O	_	_	NoSpaceAfter
.	O	_	O	_	_	O	_	_	_
λυμεών	O	_	O	_	_	O	_	_	_
Odyſſeus	O	_	B-pers.myth	_	_	O	Q47231	_	NoSpaceAfter|LED0.00
,	O	_	O	_	_	O	_	_	_
wie	O	_	O	_	_	O	_	_	_
bei	O	_	O	_	_	O	_	_	_
ἀγωνάοχαι	O	_	O	_	_	O	_	_	_
die	O	_	O	_	_	O	_	_	_
Atriden	O	_	O	_	_	O	_	_	_
vorſchweben.	O	_	O	_	_	O	_	_	NoSpaceAfter
574	O	_	O	_	_	O	_	_	NoSpaceAfter
.	O	_	O	_	_	O	_	_	_
αὐτό	O	_	O	_	_	O	_	_	_
ankündigend	O	_	O	_	_	O	_	_	NoSpaceAfter
.	O	_	O	_	_	O	_	_	EndOfSentence
—	O	_	O	_	_	O	_	_	_
ἐπώνυμον	O	_	O	_	_	O	_	_	_
(	O	_	O	_	_	O	_	_	NoSpaceAfter
cognominem	B-work	_	O	_	_	O	_	_	NoSpaceAfter
)	O	_	O	_	_	O	_	_	_
hier	O	_	O	_	_	O	_	_	_
„	O	_	O	_	_	O	_	_	NoSpaceAfter
nach	O	_	O	_	_	O	_	_	_
dem	O	_	O	_	_	O	_	_	_
du	O	_	O	_	_	O	_	_	_
benannt	O	_	O	_	_	O	_	_	_
biſt	O	_	O	_	_	O	_	_	NoSpaceAfter
“	O	_	O	_	_	O	_	_	NoSpaceAfter
.	O	_	O	_	_	O	_	_	EndOfSentence
576	O	_	O	_	_	O	_	_	NoSpaceAfter
.	O	_	O	_	_	O	_	_	_
ἑπτάβοιον	O	_	O	_	_	O	_	_	_
iſt	O	_	O	_	_	O	_	_	_
aus	O	_	O	_	_	O	_	_	_
dem	O	_	O	_	_	O	_	_	_
Homeriſchen	O	_	O	_	_	O	_	_	_
ἕπταβόειον	O	_	O	_	_	O	_	_	NoSpaceAfter
(	O	_	O	_	_	O	_	_	NoSpaceAfter
H	O	_	B-scope	_	_	O	_	_	InPrimaryReference|LED0.00
220	O	_	I-scope	_	_	O	_	_	InPrimaryReference|NoSpaceAfter|LED0.00
)	O	_	O	_	_	O	_	_	_
nach	O	_	O	_	_	O	_	_	_
dem	O	_	O	_	_	O	_	_	_
Homeriſchen	O	_	O	_	_	O	_	_	_
ἐννεάβοιος	O	_	O	_	_	O	_	_	_
und	O	_	O	_	_	O	_	_	_
ἑκατόμβοιος	O	_	O	_	_	O	_	_	_
gebildet.	O	_	O	_	_	O	_	_	_
577	O	_	O	_	_	O	_	_	NoSpaceAfter
.	O	_	O	_	_	O	_	_	_
κοινά	O	_	O	_	_	O	_	_	_
adverbial	O	_	O	_	_	O	_	_	_
wie	O	_	O	_	_	O	_	_	_
Ant	O	_	B-work.primlit	_	_	O	Q241077	_	InPrimaryReference|NoSpaceAfter|LED0.00
.	O	_	I-work.primlit	_	_	O	Q241077	_	InPrimaryReference|LED0.00
546	O	_	B-scope	_	_	O	_	_	InPrimaryReference|NoSpaceAfter|LED0.00
.	O	_	O	_	_	O	_	_	EndOfSentence
—	O	_	O	_	_	O	_	_	_
τεϑάψεται	O	_	O	_	_	O	_	_	NoSpaceAfter
:	O	_	O	_	_	O	_	_	_
das	O	_	O	_	_	O	_	_	_
dritte	O	_	O	_	_	O	_	_	_
Fut	O	_	O	_	_	O	_	_	NoSpaceAfter
.	O	_	O	_	_	O	_	_	_
von	O	_	O	_	_	O	_	_	_
einer	O	_	O	_	_	O	_	_	_
„	O	_	O	_	_	O	_	_	NoSpaceAfter
unfehlbar	O	_	O	_	_	O	_	_	_
als	O	_	O	_	_	O	_	_	_
abgeſchloſſen	O	_	O	_	_	O	_	_	_
bevorſtehenden	O	_	O	_	_	O	_	_	_
Folge	O	_	O	_	_	O	_	_	NoSpaceAfter
“	O	_	O	_	_	O	_	_	_
Kr	O	_	B-pers.author	_	_	O	_	_	InSecondaryReference|NoSpaceAfter|LED0.00
.	O	_	I-pers.author	_	_	O	_	_	InSecondaryReference|LED0.00
1	O	_	B-scope	_	_	O	_	_	InSecondaryReference|LED0.17
8	O	_	I-scope	_	_	O	_	_	InSecondaryReference|LED0.17
53	O	_	I-scope	_	_	O	_	_	InSecondaryReference|NoSpaceAfter|LED0.17
,	O	_	I-scope	_	_	O	_	_	InSecondaryReference|LED0.17
9	O	_	I-scope	_	_	O	_	_	InSecondaryReference|NoSpaceAfter|LED0.17
,	O	_	I-scope	_	_	O	_	_	InSecondaryReference|LED0.17
3	O	_	I-scope	_	_	O	_	_	InSecondaryReference|NoSpaceAfter|LED0.17
.	O	_	O	_	_	O	_	_	EndOfSentence
Zur	O	_	O	_	_	O	_	_	_
Sache	O	_	O	_	_	O	_	_	_
vgl	O	_	O	_	_	O	_	_	NoSpaceAfter
.	O	_	O	_	_	O	_	_	_
Hom	O	_	B-pers.author	_	_	O	Q6691	_	InPrimaryReference|NoSpaceAfter|LED0.00
.	O	_	I-pers.author	_	_	O	Q6691	_	InPrimaryReference|LED0.00
Ζ	O	_	B-scope	_	_	O	_	_	InPrimaryReference|LED0.00
418	O	_	I-scope	_	_	O	_	_	InPrimaryReference|LED0.00
ἀλλ	O	_	O	_	_	O	_	_	_
ἄρα	O	_	O	_	_	O	_	_	_
μιν	O	_	O	_	_	O	_	_	_
κατέκηε	O	_	O	_	_	O	_	_	_
σὺν	O	_	O	_	_	O	_	_	_
ἔντεσι	O	_	O	_	_	O	_	_	_
δαιδαλέοισι	O	_	O	_	_	O	_	_	NoSpaceAfter
.	O	_	O	_	_	O	_	_	EndOfSentence|NoSpaceAfter
Ἡ	O	_	O	_	_	O	_	_	_
579	O	_	O	_	_	O	_	_	NoSpaceAfter
.	O	_	O	_	_	O	_	_	_
δῶμα	O	_	O	_	_	O	_	_	_
πάκτου	O	_	O	_	_	O	_	_	_
bedeutet	O	_	O	_	_	O	_	_	_
auch	O	_	O	_	_	O	_	_	_
„	O	_	O	_	_	O	_	_	NoSpaceAfter
bleibe	O	_	O	_	_	O	_	_	_
draußen	O	_	O	_	_	O	_	_	NoSpaceAfter
“	O	_	O	_	_	O	_	_	NoSpaceAfter
.	O	_	O	_	_	O	_	_	EndOfSentence
—	O	_	O	_	_	O	_	_	_
ἐπισκήνους	O	_	O	_	_	O	_	_	_
am	O	_	O	_	_	O	_	_	_
Zelte	O	_	O	_	_	O	_	_	NoSpaceAfter
,	O	_	O	_	_	O	_	_	_
vor	O	_	O	_	_	O	_	_	_
dem	O	_	O	_	_	O	_	_	_
Zelte	O	_	O	_	_	O	_	_	NoSpaceAfter
.	O	_	O	_	_	O	_	_	EndOfSentence
Was	O	_	O	_	_	O	_	_	_
Aias	B-pers	_	B-pers.myth	_	_	O	Q172725	_	LED0.00
verbietet	O	_	O	_	_	O	_	_	NoSpaceAfter
,	O	_	O	_	_	O	_	_	_
kann	O	_	O	_	_	O	_	_	_
natürlich	O	_	O	_	_	O	_	_	_
Tekmeſſa	O	_	B-pers.myth	_	_	O	Q10796858	_	LED0.00
doh	O	_	O	_	_	O	_	_	_
nicht	O	_	O	_	_	O	_	_	_
unterlaſſen	O	_	O	_	_	O	_	_	NoSpaceAfter
.	O	_	O	_	_	O	_	_	EndOfSentence
580	O	_	O	_	_	O	_	_	NoSpaceAfter
.	O	_	O	_	_	O	_	_	_
φιλοίκτιστον	O	_	O	_	_	O	_	_	_
(	O	_	O	_	_	O	_	_	NoSpaceAfter
(φιλοικτίομονὴ	O	_	O	_	_	O	_	_	NoSpaceAfter
wie	O	_	O	_	_	O	_	_	_
φιλόδυοτος	O	_	O	_	_	O	_	_	NoSpaceAfter
,	O	_	O	_	_	O	_	_	_
φιλαίακτος	O	_	O	_	_	O	_	_	NoSpaceAfter
,	O	_	O	_	_	O	_	_	_
φιλόϑυτος	O	_	O	_	_	O	_	_	NoSpaceAfter
,	O	_	O	_	_	O	_	_	_
φιλόκλαυτος	O	_	O	_	_	O	_	_	NoSpaceAfter
,	O	_	O	_	_	O	_	_	_
φιλόπευστος	O	_	O	_	_	O	_	_	_
gebildet	O	_	O	_	_	O	_	_	NoSpaceAfter
.	O	_	O	_	_	O	_	_	EndOfSentence
581	O	_	O	_	_	O	_	_	NoSpaceAfter
.	O	_	O	_	_	O	_	_	_
ϑᾶσσον	O	_	O	_	_	O	_	_	NoSpaceAfter
,	O	_	O	_	_	O	_	_	_
ocius	O	_	O	_	_	O	_	_	NoSpaceAfter
.	O	_	O	_	_	O	_	_	EndOfSentence
.	O	_	O	_	_	O	_	_	_
ϑοηνεῖν	O	_	O	_	_	O	_	_	_
wie	O	_	O	_	_	O	_	_	_
plorare	O	_	O	_	_	O	_	_	_
gebraucht	O	_	O	_	_	O	_	_	NoSpaceAfter
.	O	_	O	_	_	O	_	_	EndOfSentence
—	O	_	O	_	_	O	_	_	_
Beſprechungen	O	_	O	_	_	O	_	_	_
waren	O	_	O	_	_	O	_	_	_
eine	O	_	O	_	_	O	_	_	_
beſondere	O	_	O	_	_	O	_	_	_
Art	O	_	O	_	_	O	_	_	_
des	O	_	O	_	_	O	_	_	_
Heilverfahrens	O	_	O	_	_	O	_	_	NoSpaceAfter
,	O	_	O	_	_	O	_	_	_
vgl	O	_	O	_	_	O	_	_	NoSpaceAfter
.	O	_	O	_	_	O	_	_	_
Hom	B-work	_	B-pers.author	_	_	O	Q6691	_	InPrimaryReference|NoSpaceAfter|LED0.00
.	I-work	_	I-pers.author	_	_	O	Q6691	_	InPrimaryReference|LED0.00
τ	B-scope	_	B-scope	_	_	O	_	_	InPrimaryReference|LED0.00
457	I-scope	_	I-scope	_	_	O	_	_	InPrimaryReference|NoSpaceAfter|LED0.00
.	O	_	O	_	_	O	_	_	EndOfSentence
583	O	_	O	_	_	O	_	_	NoSpaceAfter
.	O	_	O	_	_	O	_	_	_
ποοϑυμίαν	O	_	O	_	_	O	_	_	NoSpaceAfter
,	O	_	O	_	_	O	_	_	_
weil	O	_	O	_	_	O	_	_	_
Aias	B-pers	_	B-pers.myth	_	_	O	Q172725	_	LED0.00
ſolche	O	_	O	_	_	O	_	_	_
Eile	O	_	O	_	_	O	_	_	_
mit	O	_	O	_	_	O	_	_	_
der	O	_	O	_	_	O	_	_	_
Verſchließung	O	_	O	_	_	O	_	_	_
des	O	_	O	_	_	O	_	_	_
Zeltes	O	_	O	_	_	O	_	_	_
hat	O	_	O	_	_	O	_	_	NoSpaceAfter
.	O	_	O	_	_	O	_	_	EndOfSentence
584	O	_	O	_	_	O	_	_	NoSpaceAfter
.	O	_	O	_	_	O	_	_	_
Über	O	_	O	_	_	O	_	_	_
ἀρέσκειν	O	_	O	_	_	O	_	_	_
mit	O	_	O	_	_	O	_	_	_
Acc	O	_	O	_	_	O	_	_	NoSpaceAfter
.	O	_	O	_	_	O	_	_	_
Kr	O	_	B-pers.author	_	_	O	_	_	InSecondaryReference|NoSpaceAfter|LED0.00
.	O	_	I-pers.author	_	_	O	_	_	InSecondaryReference|LED0.00
1	O	_	B-scope	_	_	O	_	_	InSecondaryReference|LED0.17
8	O	_	I-scope	_	_	O	_	_	InSecondaryReference|LED0.17
48	O	_	I-scope	_	_	O	_	_	InSecondaryReference|NoSpaceAfter|LED0.17
,	O	_	I-scope	_	_	O	_	_	InSecondaryReference|LED0.17
8	O	_	I-scope	_	_	O	_	_	InSecondaryReference|NoSpaceAfter|LED0.17
,	O	_	I-scope	_	_	O	_	_	InSecondaryReference|LED0.17
2	O	_	I-scope	_	_	O	_	_	InSecondaryReference|NoSpaceAfter|LED0.17
.	O	_	O	_	_	O	_	_	EndOfSentence
586	O	_	O	_	_	O	_	_	NoSpaceAfter
.	O	_	O	_	_	O	_	_	_
σωφρονεῖν	O	_	O	_	_	O	_	_	NoSpaceAfter
,	O	_	O	_	_	O	_	_	_
Gehorſam	B-work	_	O	_	_	O	_	_	NoSpaceAfter
.	O	_	O	_	_	O	_	_	EndOfSentence
589	O	_	O	_	_	O	_	_	NoSpaceAfter
.	O	_	O	_	_	O	_	_	_
ἄγαν	O	_	O	_	_	O	_	_	_
γε	O	_	O	_	_	O	_	_	_
λυπεῖς	O	_	O	_	_	O	_	_	_
(	O	_	O	_	_	O	_	_	NoSpaceAfter
abſolut	B-work	_	O	_	_	O	_	_	_
„	O	_	O	_	_	O	_	_	NoSpaceAfter
läſtig	O	_	O	_	_	O	_	_	_
ſein	O	_	O	_	_	O	_	_	NoSpaceAfter
“	O	_	O	_	_	O	_	_	NoSpaceAfter
)	O	_	O	_	_	O	_	_	_
auch	O	_	O	_	_	O	_	_	_
Ant	O	_	B-work.primlit	_	_	O	Q241077	_	InPrimaryReference|NoSpaceAfter|LED0.00
.	O	_	I-work.primlit	_	_	O	Q241077	_	InPrimaryReference|LED0.00
573	O	_	B-scope	_	_	O	_	_	InPrimaryReference|NoSpaceAfter|LED0.00
.	O	_	O	_	_	O	_	_	EndOfSentence
Mit	O	_	O	_	_	O	_	_	_
ye	O	_	O	_	_	O	_	_	_
weiſt	O	_	O	_	_	O	_	_	_
Aias	O	_	B-pers.myth	_	_	O	Q172725	_	LED0.00
darauf	O	_	O	_	_	O	_	_	_
hin	O	_	O	_	_	O	_	_	NoSpaceAfter
,	O	_	O	_	_	O	_	_	_
daß	O	_	O	_	_	O	_	_	_
er	O	_	O	_	_	O	_	_	_
nachgerade	O	_	O	_	_	O	_	_	_
das	O	_	O	_	_	O	_	_	_
Allerläſtigſte	O	_	O	_	_	O	_	_	_
vernommen	O	_	O	_	_	O	_	_	_
habe	O	_	O	_	_	O	_	_	_
(	O	_	O	_	_	O	_	_	NoSpaceAfter
nämlich	O	_	O	_	_	O	_	_	_
πρὸς	O	_	O	_	_	O	_	_	_
ϑεῶν	O	_	O	_	_	O	_	_	NoSpaceAfter
)	O	_	O	_	_	O	_	_	NoSpaceAfter
.	O	_	O	_	_	O	_	_	EndOfSentence
590	O	_	O	_	_	O	_	_	NoSpaceAfter
.	O	_	O	_	_	O	_	_	_
Gozeir	O	_	O	_	_	O	_	_	NoSpaceAfter
,	O	_	O	_	_	O	_	_	_
praestare	O	_	O	_	_	O	_	_	NoSpaceAfter
.	O	_	O	_	_	O	_	_	_
591	O	_	O	_	_	O	_	_	NoSpaceAfter
.	O	_	O	_	_	O	_	_	_
εὔφημα	O	_	O	_	_	O	_	_	_
φώνει	O	_	O	_	_	O	_	_	_
ὃ	O	_	O	_	_	O	_	_	NoSpaceAfter
.	O	_	O	_	_	O	_	_	_
i	O	_	O	_	_	O	_	_	NoSpaceAfter
.	O	_	O	_	_	O	_	_	_
läſtere	O	_	O	_	_	O	_	_	_
niht	O	_	O	_	_	O	_	_	NoSpaceAfter
.	O	_	O	_	_	O	_	_	EndOfSentence
—	O	_	O	_	_	O	_	_	_
Der	O	_	O	_	_	O	_	_	_
Erregung	O	_	O	_	_	O	_	_	NoSpaceAfter
,	O	_	O	_	_	O	_	_	EndOfSentence

# hipe2022:original_source = data/preparation/corpus/de/retokenized/Wecklein1894_0063.xmi
# hipe2022:license = CC-BY
# hipe2022:language = de
# hipe2022:document_type = commentary
# hipe2022:document_id = Wecklein1894_0063
# hipe2022:date = 1894-01-01
# hipe2022:dataset = ajmc
# hipe2022:applicable_columns = TOKEN NE-COARSE-LIT NE-FINE-LIT NE-NESTED NEL-LIT MISC
# ajmc:version = v0.3
# ajmc:title = Sophokleus Aias
# ajmc:publication_place = München
# ajmc:publication_date = 1894
# ajmc:page = 63
# ajmc:author = Wecklein, Nikolaus
des	O	_	O	_	_	O	_	_	_
Zaleukos	O	_	B-pers.myth	_	_	O	Q145090	_	LED0.00
(	O	_	O	_	_	O	_	_	NoSpaceAfter
Diod	B-work	_	B-pers.author	_	_	O	Q171241	_	InPrimaryReference|NoSpaceAfter|LED0.00
.	I-work	_	I-pers.author	_	_	O	Q171241	_	InPrimaryReference|LED0.00
XII	I-work	_	B-scope	_	_	O	_	_	InPrimaryReference|LED0.00
20	B-scope	_	I-scope	_	_	O	_	_	InPrimaryReference|NoSpaceAfter|LED0.00
)	O	_	O	_	_	O	_	_	NoSpaceAfter
.	O	_	O	_	_	O	_	_	_
Vgl	O	_	O	_	_	O	_	_	NoSpaceAfter
.	O	_	O	_	_	O	_	_	_
Cic	O	_	B-pers.author	_	_	O	Q1541	_	InPrimaryReference|NoSpaceAfter|LED0.00
.	O	_	I-pers.author	_	_	O	Q1541	_	InPrimaryReference|LED0.00
de	O	_	B-work.primlit	_	_	O	Q675210	_	InPrimaryReference|LED0.00
amic	O	_	I-work.primlit	_	_	O	Q675210	_	InPrimaryReference|NoSpaceAfter|LED0.00
.	O	_	I-work.primlit	_	_	O	Q675210	_	InPrimaryReference|LED0.00
59	O	_	B-scope	_	_	O	_	_	InPrimaryReference|NoSpaceAfter|LED0.00
.	O	_	O	_	_	O	_	_	EndOfSentence
680	O	_	O	_	_	O	_	_	NoSpaceAfter
.	O	_	O	_	_	O	_	_	_
ἐς	O	_	O	_	_	O	_	_	_
τὸ»	O	_	O	_	_	O	_	_	_
φίλον	O	_	O	_	_	O	_	_	_
ὑπουργῶν	O	_	O	_	_	O	_	_	_
wie	O	_	O	_	_	O	_	_	_
Eur	O	_	B-pers.author	_	_	O	Q48305	_	InPrimaryReference|NoSpaceAfter|LED0.00
.	O	_	I-pers.author	_	_	O	Q48305	_	InPrimaryReference|LED0.00
Hel	O	_	B-work.primlit	_	_	O	Q1248812	_	InPrimaryReference|NoSpaceAfter|LED0.00
.	O	_	I-work.primlit	_	_	O	Q1248812	_	InPrimaryReference|LED0.00
1425	O	_	B-scope	_	_	O	_	_	InPrimaryReference|LED0.00
ἢν	O	_	O	_	_	O	_	_	_
σὴν	O	_	O	_	_	O	_	_	_
εἰς	O	_	O	_	_	O	_	_	_
ἔμ᾽	O	_	O	_	_	O	_	_	_
εὔνοιαν	O	_	O	_	_	O	_	_	_
διδῷς	O	_	O	_	_	O	_	_	NoSpaceAfter
.	O	_	O	_	_	O	_	_	EndOfSentence
—	O	_	O	_	_	O	_	_	_
ὠφελεῖν	O	_	O	_	_	O	_	_	_
(	O	_	O	_	_	O	_	_	NoSpaceAfter
αὐτόν	B-pers	_	O	_	_	O	_	_	NoSpaceAfter
)	O	_	O	_	_	O	_	_	NoSpaceAfter
.	O	_	O	_	_	O	_	_	EndOfSentence
-	O	_	O	_	_	O	_	_	NoSpaceAfter
-	O	_	O	_	_	O	_	_	NoSpaceAfter
-	O	_	O	_	_	O	_	_	_
Die	O	_	O	_	_	O	_	_	_
angefangene	O	_	O	_	_	O	_	_	_
Form	O	_	O	_	_	O	_	_	_
des	O	_	O	_	_	O	_	_	_
Gedankens	O	_	O	_	_	O	_	_	NoSpaceAfter
,	O	_	O	_	_	O	_	_	_
wornach	O	_	O	_	_	O	_	_	NoSpaceAfter
ὑπουργοῦσιν	O	_	O	_	_	O	_	_	_
ὠφελητέον	O	_	O	_	_	O	_	_	_
folgen	O	_	O	_	_	O	_	_	_
ſollte	O	_	O	_	_	O	_	_	NoSpaceAfter
,	O	_	O	_	_	O	_	_	_
wird	O	_	O	_	_	O	_	_	_
geändert	O	_	O	_	_	O	_	_	NoSpaceAfter
.	O	_	O	_	_	O	_	_	EndOfSentence
—	O	_	O	_	_	O	_	_	_
βουλή	O	_	O	_	_	O	_	_	NoSpaceAfter
-	O	_	O	_	_	O	_	_	_
σομαι	O	_	O	_	_	O	_	_	_
mit	O	_	O	_	_	O	_	_	_
Rückſicht	O	_	O	_	_	O	_	_	_
auf	O	_	O	_	_	O	_	_	_
die	O	_	O	_	_	O	_	_	_
zukünftige	O	_	O	_	_	O	_	_	_
Ausführung	O	_	O	_	_	O	_	_	_
der	O	_	O	_	_	O	_	_	_
Abſicht	O	_	O	_	_	O	_	_	NoSpaceAfter
:	O	_	O	_	_	O	_	_	_
zu	O	_	O	_	_	O	_	_	_
Öd	O	_	B-work.primlit	_	_	O	Q148643	_	InPrimaryReference|NoSpaceAfter|LED0.00
.	O	_	I-work.primlit	_	_	O	Q148643	_	InPrimaryReference|LED0.00
T	O	_	I-work.primlit	_	_	O	Q148643	_	InPrimaryReference|NoSpaceAfter|LED0.00
.	O	_	I-work.primlit	_	_	O	Q148643	_	InPrimaryReference|LED0.00
1077	O	_	B-scope	_	_	O	_	_	InPrimaryReference|NoSpaceAfter|LED0.00
.	O	_	O	_	_	O	_	_	EndOfSentence
684	O	_	O	_	_	O	_	_	NoSpaceAfter
.	O	_	O	_	_	O	_	_	_
ἀλλ᾽	O	_	O	_	_	O	_	_	NoSpaceAfter
.	O	_	O	_	_	O	_	_	NoSpaceAfter
.	O	_	O	_	_	O	_	_	NoSpaceAfter
.	O	_	O	_	_	O	_	_	_
σχήσει	O	_	O	_	_	O	_	_	_
mit	O	_	O	_	_	O	_	_	_
Selbſtironie	O	_	O	_	_	O	_	_	NoSpaceAfter
:	O	_	O	_	_	O	_	_	_
„	O	_	O	_	_	O	_	_	NoSpaceAfter
doch	O	_	O	_	_	O	_	_	_
um	O	_	O	_	_	O	_	_	_
die	O	_	O	_	_	O	_	_	_
Ausführung	O	_	O	_	_	O	_	_	NoSpaceAfter
dieſer	O	_	O	_	_	O	_	_	_
Grundſätze	O	_	O	_	_	O	_	_	_
braucht	O	_	O	_	_	O	_	_	_
man	O	_	O	_	_	O	_	_	_
nicht	O	_	O	_	_	O	_	_	_
bange	O	_	O	_	_	O	_	_	_
zu	O	_	O	_	_	O	_	_	_
ſein	O	_	O	_	_	O	_	_	NoSpaceAfter
“	O	_	O	_	_	O	_	_	NoSpaceAfter
.	O	_	O	_	_	O	_	_	EndOfSentence
687	O	_	O	_	_	O	_	_	NoSpaceAfter
.	O	_	O	_	_	O	_	_	_
ταὐτὰ	O	_	O	_	_	O	_	_	_
τάδε	O	_	O	_	_	O	_	_	_
τιμᾶτε	O	_	O	_	_	O	_	_	NoSpaceAfter
,	O	_	O	_	_	O	_	_	_
τὴν	O	_	O	_	_	O	_	_	_
αὐτὴν	O	_	O	_	_	O	_	_	_
τήνδε	O	_	O	_	_	O	_	_	_
τιμὴν	O	_	O	_	_	O	_	_	_
VELETE	B-loc	_	O	_	_	O	_	_	NoSpaceAfter
,	O	_	O	_	_	O	_	_	EndOfSentence
—	O	_	O	_	_	O	_	_	_
τιμᾶν	B-work	_	O	_	_	O	_	_	_
von	O	_	O	_	_	O	_	_	_
dem	O	_	O	_	_	O	_	_	_
Gewähren	O	_	O	_	_	O	_	_	_
wie	O	_	O	_	_	O	_	_	_
ἀτιμάζειν	B-work	_	O	_	_	O	_	_	_
von	O	_	O	_	_	O	_	_	_
dem	O	_	O	_	_	O	_	_	_
Abſchlagen	O	_	O	_	_	O	_	_	_
einer	O	_	O	_	_	O	_	_	_
Bitte	O	_	O	_	_	O	_	_	NoSpaceAfter
.	O	_	O	_	_	O	_	_	EndOfSentence
—	O	_	O	_	_	O	_	_	_
μοί	O	_	O	_	_	O	_	_	_
iſt	O	_	O	_	_	O	_	_	_
dat	O	_	O	_	_	O	_	_	NoSpaceAfter
.	O	_	O	_	_	O	_	_	_
eth	O	_	O	_	_	O	_	_	NoSpaceAfter
.	O	_	O	_	_	O	_	_	EndOfSentence
—	O	_	O	_	_	O	_	_	_
Aias	B-pers	_	B-pers.myth	_	_	O	Q172725	_	LED0.00
verlangt	O	_	O	_	_	O	_	_	_
alſo	O	_	O	_	_	O	_	_	_
auch	O	_	O	_	_	O	_	_	_
von	O	_	O	_	_	O	_	_	_
dem	O	_	O	_	_	O	_	_	_
Chor	O	_	O	_	_	O	_	_	_
ein	O	_	O	_	_	O	_	_	_
Gebet	O	_	O	_	_	O	_	_	_
zu	O	_	O	_	_	O	_	_	_
den	O	_	O	_	_	O	_	_	_
Göttern	O	_	O	_	_	O	_	_	NoSpaceAfter
;	O	_	O	_	_	O	_	_	_
dem	O	_	O	_	_	O	_	_	_
entſpricht	O	_	O	_	_	O	_	_	_
der	O	_	O	_	_	O	_	_	_
folgende	O	_	O	_	_	O	_	_	_
Chorgeſang	O	_	O	_	_	O	_	_	NoSpaceAfter
.	O	_	O	_	_	O	_	_	EndOfSentence
689	O	_	O	_	_	O	_	_	NoSpaceAfter
.	O	_	O	_	_	O	_	_	_
μέλειν	O	_	O	_	_	O	_	_	_
(	O	_	O	_	_	O	_	_	NoSpaceAfter
perſönlich	O	_	O	_	_	O	_	_	_
wie	O	_	O	_	_	O	_	_	_
El	O	_	B-work.primlit	_	_	O	Q733444	_	InPrimaryReference|NoSpaceAfter|LED0.00
.	O	_	I-work.primlit	_	_	O	Q733444	_	InPrimaryReference|LED0.00
342	O	_	B-scope	_	_	O	_	_	InPrimaryReference|NoSpaceAfter|LED0.00
)	O	_	O	_	_	O	_	_	_
ἡμῶν	O	_	O	_	_	O	_	_	_
weiſt	O	_	O	_	_	O	_	_	_
auf	O	_	O	_	_	O	_	_	_
die	O	_	O	_	_	O	_	_	_
Beſtattung	O	_	O	_	_	O	_	_	_
hin	O	_	O	_	_	O	_	_	NoSpaceAfter
.	O	_	O	_	_	O	_	_	EndOfSentence
692	O	_	O	_	_	O	_	_	NoSpaceAfter
.	O	_	O	_	_	O	_	_	_
Der	O	_	O	_	_	O	_	_	_
Doppel⸗	O	_	O	_	_	O	_	_	_
ſinn	O	_	O	_	_	O	_	_	_
des	O	_	O	_	_	O	_	_	_
legten	O	_	O	_	_	O	_	_	_
Wortes	O	_	O	_	_	O	_	_	_
kennzeichnet	O	_	O	_	_	O	_	_	_
die	O	_	O	_	_	O	_	_	_
ganze	O	_	O	_	_	O	_	_	_
Rede	O	_	O	_	_	O	_	_	NoSpaceAfter
.	O	_	O	_	_	O	_	_	EndOfSentence
-	O	_	O	_	_	O	_	_	NoSpaceAfter
-	O	_	O	_	_	O	_	_	_
Aias	B-pers	_	B-pers.myth	_	_	O	Q172725	_	LED0.00
geht	O	_	O	_	_	O	_	_	_
(	O	_	O	_	_	O	_	_	NoSpaceAfter
links	B-scope	_	O	_	_	O	_	_	NoSpaceAfter
)	O	_	O	_	_	O	_	_	_
ab	O	_	O	_	_	O	_	_	NoSpaceAfter
.	O	_	O	_	_	O	_	_	_
Tekmeſſa	O	_	B-pers.myth	_	_	O	Q10796858	_	LED0.00
tritt	O	_	O	_	_	O	_	_	_
ins	O	_	O	_	_	O	_	_	_
Zelt	O	_	O	_	_	O	_	_	NoSpaceAfter
.	O	_	O	_	_	O	_	_	EndOfSentence
693	O	_	O	_	_	O	_	_	NoSpaceAfter
-	O	_	O	_	_	O	_	_	NoSpaceAfter
718	O	_	O	_	_	O	_	_	_
zweites	B-work	_	O	_	_	O	_	_	_
Staſimon	I-work	_	O	_	_	O	_	_	NoSpaceAfter
.	O	_	O	_	_	O	_	_	EndOfSentence
Die	O	_	O	_	_	O	_	_	_
täuſchende	O	_	O	_	_	O	_	_	_
Rede	O	_	O	_	_	O	_	_	_
des	O	_	O	_	_	O	_	_	_
Aias	B-pers	_	B-pers.myth	_	_	O	Q172725	_	LED0.00
hat	O	_	O	_	_	O	_	_	_
eine	O	_	O	_	_	O	_	_	_
ergreifende	O	_	O	_	_	O	_	_	_
Peripetie	O	_	O	_	_	O	_	_	_
zur	O	_	O	_	_	O	_	_	_
Folge	O	_	O	_	_	O	_	_	_
:	O	_	O	_	_	O	_	_	_
der	O	_	O	_	_	O	_	_	_
Chor	O	_	O	_	_	O	_	_	_
ſtimmt	O	_	O	_	_	O	_	_	_
ein	O	_	O	_	_	O	_	_	_
Jubellied	O	_	O	_	_	O	_	_	_
an	O	_	O	_	_	O	_	_	_
und	O	_	O	_	_	O	_	_	_
ruft	O	_	O	_	_	O	_	_	_
Pan	O	_	B-pers.myth	_	_	O	Q132582	_	LED0.00
und	O	_	O	_	_	O	_	_	_
Apollon	O	_	B-pers.myth	_	_	O	Q37340	_	LED0.00
als	O	_	O	_	_	O	_	_	_
Götter	O	_	O	_	_	O	_	_	_
des	O	_	O	_	_	O	_	_	_
Tanzes	O	_	O	_	_	O	_	_	_
und	O	_	O	_	_	O	_	_	_
der	O	_	O	_	_	O	_	_	_
Muſik	O	_	O	_	_	O	_	_	_
herbei	O	_	O	_	_	O	_	_	NoSpaceAfter
,	O	_	O	_	_	O	_	_	_
um	O	_	O	_	_	O	_	_	_
die	O	_	O	_	_	O	_	_	_
Freude	O	_	O	_	_	O	_	_	_
über	O	_	O	_	_	O	_	_	_
die	O	_	O	_	_	O	_	_	_
glückliche	O	_	O	_	_	O	_	_	_
und	O	_	O	_	_	O	_	_	_
unerwartete	O	_	O	_	_	O	_	_	_
Sinneswandlung	O	_	O	_	_	O	_	_	_
des	O	_	O	_	_	O	_	_	_
Aias	O	_	B-pers.myth	_	_	O	Q172725	_	LED0.00
zu	O	_	O	_	_	O	_	_	_
feiern	O	_	O	_	_	O	_	_	NoSpaceAfter
.	O	_	O	_	_	O	_	_	_
Alsbald	O	_	O	_	_	O	_	_	_
zeigt	O	_	O	_	_	O	_	_	_
ſich	O	_	O	_	_	O	_	_	_
das	O	_	O	_	_	O	_	_	_
traurige	O	_	O	_	_	O	_	_	_
Gegenteil	O	_	O	_	_	O	_	_	NoSpaceAfter
.	O	_	O	_	_	O	_	_	EndOfSentence
Das	O	_	O	_	_	O	_	_	_
Versmaß	O	_	O	_	_	O	_	_	_
dieſes	O	_	O	_	_	O	_	_	_
Tanzliedes	O	_	O	_	_	O	_	_	_
(	O	_	O	_	_	O	_	_	NoSpaceAfter
ὑπόρχημαλ	O	_	O	_	_	O	_	_	NoSpaceAfter
)	O	_	O	_	_	O	_	_	_
iſt	O	_	O	_	_	O	_	_	_
logaödiſch	O	_	O	_	_	O	_	_	NoSpaceAfter
:	O	_	O	_	_	O	_	_	EndOfSentence

# hipe2022:original_source = data/preparation/corpus/de/retokenized/sophokle1v3soph_0067.xmi
# hipe2022:license = CC-BY
# hipe2022:language = de
# hipe2022:document_type = commentary
# hipe2022:document_id = sophokle1v3soph_0067
# hipe2022:date = 1853-01-01
# hipe2022:dataset = ajmc
# hipe2022:applicable_columns = TOKEN NE-COARSE-LIT NE-FINE-LIT NE-NESTED NEL-LIT MISC
# ajmc:version = v0.3
# ajmc:title = Sophokles, erklärt
# ajmc:publication_place = Leipzig
# ajmc:publication_date = 1853
# ajmc:page = 67
# ajmc:author = Schneidewin, Friedrich Wilhelm
251	O	_	O	_	_	O	_	_	NoSpaceAfter
.	O	_	O	_	_	O	_	_	_
ἐρέσσουσιν	O	_	O	_	_	O	_	_	NoSpaceAfter
,	O	_	O	_	_	O	_	_	_
συντόνως	O	_	O	_	_	O	_	_	_
κινοῦσιν	O	_	O	_	_	O	_	_	NoSpaceAfter
,	O	_	O	_	_	O	_	_	_
vgl	O	_	O	_	_	O	_	_	NoSpaceAfter
.	O	_	O	_	_	O	_	_	_
1329	B-work	_	B-scope	_	_	O	_	_	InPrimaryReference|NoSpaceAfter|LED0.00
.	O	_	O	_	_	O	_	_	_
Phil	O	_	B-work.primlit	_	_	O	Q1415903	_	InPrimaryReference|NoSpaceAfter|LED0.00
.	O	_	I-work.primlit	_	_	O	Q1415903	_	InPrimaryReference|LED0.00
1135	O	_	B-scope	_	_	O	_	_	InPrimaryReference|NoSpaceAfter|LED0.00
.	O	_	O	_	_	O	_	_	_
Ant	O	_	B-work.primlit	_	_	O	Q241077	_	InPrimaryReference|NoSpaceAfter|LED0.00
.	O	_	I-work.primlit	_	_	O	Q241077	_	InPrimaryReference|LED0.00
158	O	_	B-scope	_	_	O	_	_	InPrimaryReference|LED0.00
μῆτιν	O	_	O	_	_	O	_	_	_
ἐρέσσων	O	_	O	_	_	O	_	_	NoSpaceAfter
.	O	_	O	_	_	O	_	_	EndOfSentence
In	O	_	O	_	_	O	_	_	_
den	O	_	O	_	_	O	_	_	_
Gesprächen	O	_	O	_	_	O	_	_	_
der	O	_	O	_	_	O	_	_	_
Tekmessa	O	_	B-pers.myth	_	_	O	Q10796858	_	LED0.00
und	O	_	O	_	_	O	_	_	_
des	O	_	O	_	_	O	_	_	_
Aias	O	_	B-pers.myth	_	_	O	Q172725	_	LED0.00
mit	O	_	O	_	_	O	_	_	_
den	O	_	O	_	_	O	_	_	_
salaminischen	O	_	O	_	_	O	_	_	_
Schilfsleuten	O	_	O	_	_	O	_	_	NoSpaceAfter
werden	O	_	O	_	_	O	_	_	_
nautische	O	_	O	_	_	O	_	_	_
Ausdrücke	O	_	O	_	_	O	_	_	_
und	O	_	O	_	_	O	_	_	_
Bilder	O	_	O	_	_	O	_	_	_
mit	O	_	O	_	_	O	_	_	_
Vorliebe	O	_	O	_	_	O	_	_	_
gebraucht	O	_	O	_	_	O	_	_	NoSpaceAfter
,	O	_	O	_	_	O	_	_	_
vgl	O	_	O	_	_	O	_	_	NoSpaceAfter
.	O	_	O	_	_	O	_	_	_
206	B-work	_	B-scope	_	_	O	_	_	InPrimaryReference|NoSpaceAfter|LED0.00
.	O	_	O	_	_	O	_	_	InPrimaryReference
257	O	_	B-scope	_	_	O	_	_	InPrimaryReference|NoSpaceAfter|LED0.00
.	O	_	O	_	_	O	_	_	InPrimaryReference
351	O	_	B-scope	_	_	O	_	_	InPrimaryReference|NoSpaceAfter|LED0.00
.	O	_	O	_	_	O	_	_	_
Phil	O	_	B-work.primlit	_	_	O	Q1415903	_	InPrimaryReference|NoSpaceAfter|LED0.00
.	O	_	I-work.primlit	_	_	O	Q1415903	_	InPrimaryReference|LED0.00
828	O	_	B-scope	_	_	O	_	_	InPrimaryReference|NoSpaceAfter|LED0.00
.	O	_	O	_	_	O	_	_	EndOfSentence
—	O	_	O	_	_	O	_	_	_
δικρατεῖς	B-pers	_	O	_	_	O	_	_	NoSpaceAfter
,	O	_	O	_	_	O	_	_	_
zu	O	_	O	_	_	O	_	_	_
390	O	_	O	_	_	O	_	_	NoSpaceAfter
.	O	_	O	_	_	O	_	_	EndOfSentence
254	O	_	O	_	_	O	_	_	NoSpaceAfter
.	O	_	O	_	_	O	_	_	_
λιϑόλευστον	O	_	O	_	_	O	_	_	_
Ἄρη	O	_	O	_	_	O	_	_	NoSpaceAfter
,	O	_	O	_	_	O	_	_	_
vgl	O	_	O	_	_	O	_	_	NoSpaceAfter
.	O	_	O	_	_	O	_	_	_
230	O	_	O	_	_	O	_	_	NoSpaceAfter
.	O	_	O	_	_	O	_	_	EndOfSentence
In	O	_	O	_	_	O	_	_	_
heroischer	O	_	O	_	_	O	_	_	_
Zeit	O	_	O	_	_	O	_	_	_
die	O	_	O	_	_	O	_	_	_
gewöhnliche	O	_	O	_	_	O	_	_	NoSpaceAfter
Art	O	_	O	_	_	O	_	_	_
gewaltsamer	O	_	O	_	_	O	_	_	_
Ermordung	O	_	O	_	_	O	_	_	NoSpaceAfter
durch	O	_	O	_	_	O	_	_	_
die	O	_	O	_	_	O	_	_	_
tobende	O	_	O	_	_	O	_	_	_
Menge	O	_	O	_	_	O	_	_	NoSpaceAfter
,	O	_	O	_	_	O	_	_	_
oder	O	_	O	_	_	O	_	_	_
von	O	_	O	_	_	O	_	_	_
Fürsten	O	_	O	_	_	O	_	_	_
verhängter	O	_	O	_	_	O	_	_	_
Strafe	O	_	O	_	_	O	_	_	_
φόνος	O	_	O	_	_	O	_	_	_
δημόλευστος	O	_	O	_	_	O	_	_	NoSpaceAfter
,	O	_	O	_	_	O	_	_	_
257	O	_	B-scope	_	_	O	_	_	InPrimaryReference|NoSpaceAfter|LED0.00
.	O	_	O	_	_	O	_	_	InPrimaryReference
121	O	O	O	O	O	O	_	_	_
f	O	_	I-scope	_	_	O	_	_	InPrimaryReference|NoSpaceAfter|LED0.33
.	I-work	_	I-scope	_	_	O	_	_	InPrimaryReference|LED0.33
zu	O	_	O	_	_	O	_	_	_
Ant	O	_	B-work.primlit	_	_	O	Q241077	_	InPrimaryReference|NoSpaceAfter|LED0.00
.	O	_	I-work.primlit	_	_	O	Q241077	_	InPrimaryReference|LED0.00
36	B-scope	_	B-scope	_	_	O	_	_	InPrimaryReference|NoSpaceAfter|LED0.00
.	O	_	O	_	_	O	_	_	_
Aesch	O	_	B-pers.author	_	_	O	Q40939	_	InPrimaryReference|NoSpaceAfter|LED0.00
.	O	_	I-pers.author	_	_	O	Q40939	_	InPrimaryReference|LED0.00
Ag	O	_	B-work.primlit	_	_	O	Q3320792	_	InPrimaryReference|NoSpaceAfter|LED0.00
.	O	_	I-work.primlit	_	_	O	Q3320792	_	InPrimaryReference|LED0.00
1599	O	_	B-scope	_	_	O	_	_	InPrimaryReference|LED0.00
δημορριφεῖς	O	_	O	_	_	O	_	_	NoSpaceAfter
λεύσιμοι	O	_	O	_	_	O	_	_	_
ἀραΐ	O	_	O	_	_	O	_	_	NoSpaceAfter
.	O	_	O	_	_	O	_	_	_
1	O	_	B-work.primlit	_	_	O	Q8275	_	InPrimaryReference|NoSpaceAfter|LED0.67
.	O	_	I-work.primlit	_	_	O	Q8275	_	InPrimaryReference|LED0.67
3	O	_	B-scope	_	_	O	_	_	InPrimaryReference|NoSpaceAfter|LED0.00
,	O	_	I-scope	_	_	O	_	_	InPrimaryReference|LED0.00
57	O	_	I-scope	_	_	O	_	_	InPrimaryReference|NoSpaceAfter|LED0.00
.	O	_	O	_	_	O	_	_	EndOfSentence
"Rasch	O	_	O	_	_	O	_	_	_
hat	O	_	O	_	_	O	_	_	_
Aias	O	_	B-pers.myth	_	_	O	Q172725	_	NoSpaceAfter|LED0.00
’	O	_	O	_	_	O	_	_	_
Toben	O	_	O	_	_	O	_	_	_
sich	O	_	O	_	_	O	_	_	_
gelegt	O	_	O	_	_	O	_	_	NoSpaceAfter
,	O	_	O	_	_	O	_	_	_
wie	O	_	O	_	_	O	_	_	_
der	O	_	O	_	_	O	_	_	_
Süd	O	_	O	_	_	O	_	_	NoSpaceAfter
,	O	_	O	_	_	O	_	_	_
welcher	O	_	O	_	_	O	_	_	_
ohne	O	_	O	_	_	O	_	_	_
Gewitter	O	_	O	_	_	O	_	_	NoSpaceAfter
losstärmt	O	_	O	_	_	O	_	_	NoSpaceAfter
.	O	_	O	_	_	O	_	_	EndOfSentence
Unaufhörliche	O	_	O	_	_	O	_	_	_
Leidenschaft	O	_	O	_	_	O	_	_	NoSpaceAfter
vergleicht	O	_	O	_	_	O	_	_	_
dagegen	O	_	O	_	_	O	_	_	_
Ibykos	O	_	B-pers.author	_	_	O	Q332802	_	InPrimaryReference|NoSpaceAfter|LED0.00
fr	O	_	B-scope	_	_	O	_	_	InPrimaryReference|NoSpaceAfter|LED0.12
.	O	_	I-scope	_	_	O	_	_	InPrimaryReference|LED0.12
1	O	_	I-scope	_	_	O	_	_	InPrimaryReference|NoSpaceAfter|LED0.12
,	O	_	I-scope	_	_	O	_	_	InPrimaryReference|LED0.12
Tmit	O	_	I-scope	_	_	O	_	_	InPrimaryReference|Partial--7:1|LED0.12
dem	O	_	O	_	_	O	_	_	_
ὑπὸ	O	_	O	_	_	O	_	_	_
στεροπᾶς	O	_	O	_	_	O	_	_	NoSpaceAfter
φλέγων	O	_	O	_	_	O	_	_	_
Θρηΐκιος	O	_	O	_	_	O	_	_	_
Βορέας	O	_	O	_	_	O	_	_	NoSpaceAfter
.	O	_	O	_	_	O	_	_	EndOfSentence
255	O	_	O	_	_	O	_	_	NoSpaceAfter
.	O	_	O	_	_	O	_	_	_
αἰσ᾽	O	_	O	_	_	O	_	_	_
ἄπλατος	O	_	O	_	_	O	_	_	NoSpaceAfter
,	O	_	O	_	_	O	_	_	_
ἢ	O	_	O	_	_	O	_	_	_
μανία	O	_	O	_	_	O	_	_	NoSpaceAfter
.	O	_	O	_	_	O	_	_	EndOfSentence
261	O	_	O	_	_	O	_	_	NoSpaceAfter
.	O	_	O	_	_	O	_	_	_
ἡ	O	_	O	_	_	O	_	_	_
γὰρ	O	_	O	_	_	O	_	_	_
κοινωνία	O	_	O	_	_	O	_	_	_
τῶν	O	_	O	_	_	O	_	_	_
ἁμαρτημάτων	O	_	O	_	_	O	_	_	NoSpaceAfter
φέρει	O	_	O	_	_	O	_	_	_
τινὰ	O	_	O	_	_	O	_	_	_
παραμυϑίαν	O	_	O	_	_	O	_	_	_
Schol	O	_	O	_	_	O	_	_	NoSpaceAfter
.	O	_	O	_	_	O	_	_	EndOfSentence
263	O	_	O	_	_	O	_	_	NoSpaceAfter
.	O	_	O	_	_	O	_	_	_
Der	O	_	O	_	_	O	_	_	_
Clior	O	_	O	_	_	O	_	_	_
schlägt	O	_	O	_	_	O	_	_	_
den	O	_	O	_	_	O	_	_	_
schmerzhaften	O	_	O	_	_	O	_	_	_
Zustand	O	_	O	_	_	O	_	_	_
des	O	_	O	_	_	O	_	_	_
Aias	O	_	B-pers.myth	_	_	O	Q172725	_	LED0.00
gering	O	_	O	_	_	O	_	_	_
an	O	_	O	_	_	O	_	_	_
und	O	_	O	_	_	O	_	_	_
meint	O	_	O	_	_	O	_	_	NoSpaceAfter
,	O	_	O	_	_	O	_	_	_
wenn	O	_	O	_	_	O	_	_	_
nur	O	_	O	_	_	O	_	_	_
die	O	_	O	_	_	O	_	_	_
Tobwuth	O	_	O	_	_	O	_	_	_
sich	O	_	O	_	_	O	_	_	_
gelegt	O	_	O	_	_	O	_	_	_
habe	O	_	O	_	_	O	_	_	NoSpaceAfter
,	O	_	O	_	_	O	_	_	_
so	O	_	O	_	_	O	_	_	_
können	O	_	O	_	_	O	_	_	NoSpaceAfter
wohl	O	_	O	_	_	O	_	_	_
die	O	_	O	_	_	O	_	_	_
Dinge	O	_	O	_	_	O	_	_	_
sich	O	_	O	_	_	O	_	_	_
noch	O	_	O	_	_	O	_	_	_
zum	O	_	O	_	_	O	_	_	_
Guten	O	_	O	_	_	O	_	_	_
kehren	O	_	O	_	_	O	_	_	NoSpaceAfter
,	O	_	O	_	_	O	_	_	_
indem	O	_	O	_	_	O	_	_	_
Aias	O	_	B-pers.myth	_	_	O	Q172725	_	NoSpaceAfter|LED0.00
’	O	_	O	_	_	O	_	_	_
Gemüth	O	_	O	_	_	O	_	_	_
sich	O	_	O	_	_	O	_	_	_
schon	O	_	O	_	_	O	_	_	_
beruhigen	O	_	O	_	_	O	_	_	_
werde	O	_	O	_	_	O	_	_	_
und	O	_	O	_	_	O	_	_	_
der	O	_	O	_	_	O	_	_	_
Chor	O	_	O	_	_	O	_	_	_
seine	O	_	O	_	_	O	_	_	_
Besorgniss	O	_	O	_	_	O	_	_	_
(	O	_	O	_	_	O	_	_	NoSpaceAfter
254	O	_	B-scope	_	_	O	_	_	InPrimaryReference|NoSpaceAfter|LED0.00
)	O	_	O	_	_	O	_	_	_
zurücknehmen	O	_	O	_	_	O	_	_	_
könne	O	_	O	_	_	O	_	_	NoSpaceAfter
.	O	_	O	_	_	O	_	_	EndOfSentence
(	O	_	O	_	_	O	_	_	NoSpaceAfter
Mit	O	_	O	_	_	O	_	_	_
εὐτυχεῖν	O	_	O	_	_	O	_	_	NoSpaceAfter
vgl	O	_	O	_	_	O	_	_	NoSpaceAfter
.	O	_	O	_	_	O	_	_	_
Trach	O	_	B-work.primlit	_	_	O	Q945342	_	InPrimaryReference|NoSpaceAfter|LED0.00
.	O	_	I-work.primlit	_	_	O	Q945342	_	InPrimaryReference|LED0.00
191	O	_	B-scope	_	_	O	_	_	InPrimaryReference|NoSpaceAfter|LED0.00
.	O	_	O	_	_	O	_	_	_
El	O	_	B-work.primlit	_	_	O	Q733444	_	InPrimaryReference|NoSpaceAfter|LED0.00
.	O	_	I-work.primlit	_	_	O	Q733444	_	InPrimaryReference|LED0.00
945	O	_	B-scope	_	_	O	_	_	InPrimaryReference|NoSpaceAfter|LED0.00
.	O	_	O	_	_	O	_	_	NoSpaceAfter
)	O	_	O	_	_	O	_	_	EndOfSentence
Diesen	O	_	O	_	_	O	_	_	_
zu	O	_	O	_	_	O	_	_	_
raschen	O	_	O	_	_	O	_	_	_
Ausbruch	O	_	O	_	_	O	_	_	_
freudiger	O	_	O	_	_	O	_	_	NoSpaceAfter
Hoffnung	O	_	O	_	_	O	_	_	_
sucht	O	_	O	_	_	O	_	_	_
dann	O	_	O	_	_	O	_	_	_
Tekmessa	O	_	B-pers.myth	_	_	O	Q10796858	_	LED0.00
durch	O	_	O	_	_	O	_	_	_
die	O	_	O	_	_	O	_	_	_
Betrachtung	O	_	O	_	_	O	_	_	_
zu	O	_	O	_	_	O	_	_	_
dämpfen	O	_	O	_	_	O	_	_	NoSpaceAfter
,	O	_	O	_	_	O	_	_	_
dass	O	_	O	_	_	O	_	_	_
genau	O	_	O	_	_	O	_	_	_
betrachtet	O	_	O	_	_	O	_	_	_
die	O	_	O	_	_	O	_	_	_
gemeinsame	O	_	O	_	_	O	_	_	NoSpaceAfter
Lage	O	_	O	_	_	O	_	_	_
des	O	_	O	_	_	O	_	_	_
Aias	O	_	B-pers.myth	_	_	O	Q172725	_	LED0.00
und	O	_	O	_	_	O	_	_	_
der	O	_	O	_	_	O	_	_	_
Seinigen	O	_	O	_	_	O	_	_	NoSpaceAfter
jetzt	O	_	O	_	_	O	_	_	_
doppelt	O	_	O	_	_	O	_	_	_
unglücklich	O	_	O	_	_	O	_	_	_
sei	O	_	O	_	_	O	_	_	NoSpaceAfter
,	O	_	O	_	_	O	_	_	_
weil	O	_	O	_	_	O	_	_	_
sie	O	_	O	_	_	O	_	_	_
κοινοὶ	O	_	O	_	_	O	_	_	_
ἐν	O	_	O	_	_	O	_	_	_
κοινοῖς	O	_	O	_	_	O	_	_	_
λυποῦν	O	_	O	_	_	O	_	_	NoSpaceAfter
-	O	_	O	_	_	O	_	_	_
ται	O	_	O	_	_	O	_	_	_
267	O	_	B-scope	_	_	O	_	_	InPrimaryReference|NoSpaceAfter|LED0.00
.	O	_	O	_	_	O	_	_	EndOfSentence
Tekmessa	O	_	B-pers.myth	_	_	O	Q10796858	_	LED0.00
sucht	O	_	O	_	_	O	_	_	_
dem	O	_	O	_	_	O	_	_	_
Chor	O	_	O	_	_	O	_	_	_
-	O	_	O	_	_	O	_	_	NoSpaceAfter
mit	O	_	O	_	_	O	_	_	_
dialektischer	O	_	O	_	_	O	_	_	_
Schärfe	O	_	O	_	_	O	_	_	_
die	O	_	O	_	_	O	_	_	_
rechte	O	_	O	_	_	O	_	_	_
Ansicht	O	_	O	_	_	O	_	_	_
der	O	_	O	_	_	O	_	_	_
Lage	O	_	O	_	_	O	_	_	_
klar	O	_	O	_	_	O	_	_	_
zu	O	_	O	_	_	O	_	_	_
machen	O	_	O	_	_	O	_	_	NoSpaceAfter
,	O	_	O	_	_	O	_	_	_
indem	O	_	O	_	_	O	_	_	_
sie	O	_	O	_	_	O	_	_	_
durch	O	_	O	_	_	O	_	_	_
dieses	O	_	O	_	_	O	_	_	_
Zergliedern	O	_	O	_	_	O	_	_	_
ihres	O	_	O	_	_	O	_	_	_
tiefen	O	_	O	_	_	O	_	_	_
Schmerzes	O	_	O	_	_	O	_	_	_
den	O	_	O	_	_	O	_	_	_
Verstand	O	_	O	_	_	O	_	_	_
zum	O	_	O	_	_	O	_	_	_
Herrn	O	_	O	_	_	O	_	_	_
der	O	_	O	_	_	O	_	_	_
Gefühle	O	_	O	_	_	O	_	_	_
zu	O	_	O	_	_	O	_	_	_
machen	O	_	O	_	_	O	_	_	_
sucht	O	_	O	_	_	O	_	_	NoSpaceAfter
.	O	_	O	_	_	O	_	_	EndOfSentence
264	O	_	O	_	_	O	_	_	NoSpaceAfter
.	O	_	O	_	_	O	_	_	_
Soph	O	_	B-pers.author	_	_	O	Q11950683	_	InPrimaryReference|NoSpaceAfter|LED0.00
.	O	_	I-pers.author	_	_	O	Q11950683	_	InPrimaryReference|LED0.00
Laocoont	O	_	B-work.primlit	_	_	O	NIL	_	InPrimaryReference|NoSpaceAfter|LED0.00
.	O	_	I-work.primlit	_	_	O	NIL	_	InPrimaryReference|LED0.00
fr	O	_	B-scope	_	_	O	_	_	InPrimaryReference|NoSpaceAfter|LED0.00
.	O	_	I-scope	_	_	O	_	_	InPrimaryReference|LED0.00
4	O	_	I-scope	_	_	O	_	_	InPrimaryReference|LED0.00
Moχϑου	O	_	O	_	_	O	_	_	NoSpaceAfter
γὰρ	O	_	O	_	_	O	_	_	_
οὐδεὶς	O	_	O	_	_	O	_	_	_
τοῦ	O	_	O	_	_	O	_	_	_
παρελθόντος	O	_	O	_	_	O	_	_	_
λόγος	O	_	O	_	_	O	_	_	NoSpaceAfter
.	O	_	O	_	_	O	_	_	EndOfSentence

# hipe2022:original_source = data/preparation/corpus/de/retokenized/sophokle1v3soph_0075.xmi
# hipe2022:license = CC-BY
# hipe2022:language = de
# hipe2022:document_type = commentary
# hipe2022:document_id = sophokle1v3soph_0075
# hipe2022:date = 1853-01-01
# hipe2022:dataset = ajmc
# hipe2022:applicable_columns = TOKEN NE-COARSE-LIT NE-FINE-LIT NE-NESTED NEL-LIT MISC
# ajmc:version = v0.3
# ajmc:title = Sophokles, erklärt
# ajmc:publication_place = Leipzig
# ajmc:publication_date = 1853
# ajmc:page = 75
# ajmc:author = Schneidewin, Friedrich Wilhelm
nach	O	_	O	_	_	O	_	_	_
zu	O	_	O	_	_	O	_	_	_
ἐν	O	_	O	_	_	O	_	_	_
βουσὶ	O	_	O	_	_	O	_	_	_
πεσών	O	_	O	_	_	O	_	_	NoSpaceAfter
,	O	_	O	_	_	O	_	_	_
mit	O	_	O	_	_	O	_	_	_
bewaffneter	O	_	O	_	_	O	_	_	NoSpaceAfter
Hand	O	_	O	_	_	O	_	_	_
die	O	_	O	_	_	O	_	_	_
Heerden	O	_	O	_	_	O	_	_	NoSpaceAfter
überfallend	O	_	O	_	_	O	_	_	NoSpaceAfter
,	O	_	O	_	_	O	_	_	_
während	O	_	O	_	_	O	_	_	_
ich	O	_	O	_	_	O	_	_	_
meine	O	_	O	_	_	O	_	_	_
Plagegeister	O	_	O	_	_	O	_	_	_
mir	O	_	O	_	_	O	_	_	_
entgehen	O	_	O	_	_	O	_	_	_
liess	O	_	O	_	_	O	_	_	NoSpaceAfter
.	O	_	O	_	_	O	_	_	EndOfSentence
Streng	O	_	O	_	_	O	_	_	_
logisch	O	_	O	_	_	O	_	_	_
wäre	O	_	O	_	_	O	_	_	_
ὃς	O	_	O	_	_	O	_	_	_
μεϑεὶς	O	_	O	_	_	O	_	_	_
τοὺς	O	_	O	_	_	O	_	_	_
ἀλάστορας	O	_	O	_	_	O	_	_	NoSpaceAfter
,	O	_	O	_	_	O	_	_	_
ἐν	O	_	O	_	_	O	_	_	_
βουσὶ	O	_	O	_	_	O	_	_	_
πεσὼν	O	_	O	_	_	O	_	_	_
χερὶ	O	_	O	_	_	O	_	_	_
xrA	O	_	O	_	_	O	_	_	NoSpaceAfter
.	O	_	O	_	_	O	_	_	NoSpaceAfter
,	O	_	O	_	_	O	_	_	_
aber	O	_	O	_	_	O	_	_	_
das	O	_	O	_	_	O	_	_	_
Widersinnige	O	_	O	_	_	O	_	_	_
der	O	_	O	_	_	O	_	_	_
That	O	_	O	_	_	O	_	_	_
tritt	O	_	O	_	_	O	_	_	_
durch	O	_	O	_	_	O	_	_	_
die	O	_	O	_	_	O	_	_	_
Vorausstellung	O	_	O	_	_	O	_	_	_
des	O	_	O	_	_	O	_	_	_
pa	O	_	O	_	_	O	_	_	NoSpaceAfter
-	O	_	O	_	_	O	_	_	_
rataktisch	O	_	O	_	_	O	_	_	_
gebauten	O	_	O	_	_	O	_	_	_
Satzgliedes	O	_	O	_	_	O	_	_	_
stärker	O	_	O	_	_	O	_	_	NoSpaceAfter
hervor	O	_	O	_	_	O	_	_	NoSpaceAfter
.	O	_	O	_	_	O	_	_	EndOfSentence
375	O	_	O	_	_	O	_	_	NoSpaceAfter
.	O	_	O	_	_	O	_	_	_
xAvra	O	_	O	_	_	O	_	_	NoSpaceAfter
,	O	_	O	_	_	O	_	_	_
edle	O	_	O	_	_	O	_	_	_
Heerden	O	_	O	_	_	O	_	_	NoSpaceAfter
,	O	_	O	_	_	O	_	_	_
wie	O	_	O	_	_	O	_	_	_
bei	O	_	O	_	_	O	_	_	_
Homer	O	_	B-pers.author	_	_	O	Q6691	_	LED0.00
xAvr«	O	_	O	_	_	O	_	_	_
μῆλα	O	_	O	_	_	O	_	_	NoSpaceAfter
.	O	_	O	_	_	O	_	_	EndOfSentence
376	O	_	O	_	_	O	_	_	NoSpaceAfter
.	O	_	O	_	_	O	_	_	_
δεύειν	O	_	O	_	_	O	_	_	NoSpaceAfter
,	O	_	O	_	_	O	_	_	_
vergiessen	O	_	O	_	_	O	_	_	NoSpaceAfter
,	O	_	O	_	_	O	_	_	_
indem	O	_	O	_	_	O	_	_	_
die	O	_	O	_	_	O	_	_	_
verba	O	_	O	_	_	O	_	_	_
humectandi	O	_	O	_	_	O	_	_	_
öfter	O	_	O	_	_	O	_	_	_
diese	O	_	O	_	_	O	_	_	_
Bedeutung	O	_	O	_	_	O	_	_	_
annehmen	O	_	O	_	_	O	_	_	NoSpaceAfter
,	O	_	O	_	_	O	_	_	_
τέγγειν	O	_	O	_	_	O	_	_	_
δακρύων	O	_	O	_	_	O	_	_	_
ἄχναν	O	_	O	_	_	O	_	_	_
Trach	O	_	B-work.primlit	_	_	O	Q945342	_	InPrimaryReference|NoSpaceAfter|LED0.00
.	O	_	I-work.primlit	_	_	O	Q945342	_	InPrimaryReference|LED0.00
848	O	_	B-scope	_	_	O	_	_	InPrimaryReference|NoSpaceAfter|LED0.00
,	O	_	O	_	_	O	_	_	_
ῥαΐγειν	O	_	O	_	_	O	_	_	NoSpaceAfter
χοάς	O	_	O	_	_	O	_	_	_
etc	O	_	O	_	_	O	_	_	NoSpaceAfter
.	O	_	O	_	_	O	_	_	NoSpaceAfter
,	O	_	O	_	_	O	_	_	_
zu	O	_	O	_	_	O	_	_	_
O	B-work	_	B-work.primlit	_	_	O	Q148643	_	InPrimaryReference|NoSpaceAfter|LED0.00
.	I-work	_	I-work.primlit	_	_	O	Q148643	_	InPrimaryReference|LED0.00
R	I-work	_	I-work.primlit	_	_	O	Q148643	_	InPrimaryReference|NoSpaceAfter|LED0.00
.	I-work	_	I-work.primlit	_	_	O	Q148643	_	InPrimaryReference|LED0.00
1279	B-scope	_	B-scope	_	_	O	_	_	InPrimaryReference|NoSpaceAfter|LED0.00
.	O	_	O	_	_	O	_	_	EndOfSentence
377	O	_	O	_	_	O	_	_	NoSpaceAfter
.	O	_	O	_	_	O	_	_	_
ἐξειργασμένο	O	_	O	_	_	O	_	_	_
ἐς	O	_	O	_	_	O	_	_	NoSpaceAfter
,	O	_	O	_	_	O	_	_	_
τετελεσμένοις	O	_	O	_	_	O	_	_	NoSpaceAfter
καὶ	O	_	O	_	_	O	_	_	_
ἴασιν	O	_	O	_	_	O	_	_	_
οὐκ	O	_	O	_	_	O	_	_	_
ἔχουσιν	O	_	O	_	_	O	_	_	_
Schol	O	_	O	_	_	O	_	_	NoSpaceAfter
.	O	_	O	_	_	O	_	_	EndOfSentence
378	O	_	O	_	_	O	_	_	NoSpaceAfter
.	O	_	O	_	_	O	_	_	_
Wie	O	_	O	_	_	O	_	_	_
die	O	_	O	_	_	O	_	_	_
„	O	_	O	_	_	O	_	_	_
obliquen	O	_	O	_	_	O	_	_	_
Casus	O	_	O	_	_	O	_	_	_
von	O	_	O	_	_	O	_	_	_
οὐδεὶς	O	_	O	_	_	O	_	_	_
ὅστις	O	_	O	_	_	O	_	_	_
οὐ	O	_	O	_	_	O	_	_	_
wird	O	_	O	_	_	O	_	_	_
οὐχ	O	_	O	_	_	O	_	_	_
ὅπως	O	_	O	_	_	O	_	_	_
οὐ	O	_	O	_	_	O	_	_	_
eingeschoben	O	_	O	_	_	O	_	_	NoSpaceAfter
,	O	_	O	_	_	O	_	_	_
ohne	O	_	O	_	_	O	_	_	_
die	O	_	O	_	_	O	_	_	_
Struetur	O	_	O	_	_	O	_	_	_
zu	O	_	O	_	_	O	_	_	_
ändern	O	_	O	_	_	O	_	_	NoSpaceAfter
,	O	_	O	_	_	O	_	_	_
—	O	_	O	_	_	O	_	_	_
οὐκ	O	_	O	_	_	O	_	_	_
ἂν	O	_	O	_	_	O	_	_	_
γένοιτο	O	_	O	_	_	O	_	_	_
οὐϑαμῶς	O	_	O	_	_	O	_	_	NoSpaceAfter
ταῦτα	O	_	O	_	_	O	_	_	_
οὐχ	O	_	O	_	_	O	_	_	_
ὧδε	O	_	O	_	_	O	_	_	_
ἔχειν	O	_	O	_	_	O	_	_	NoSpaceAfter
.	O	_	O	_	_	O	_	_	_
Vgl	O	_	O	_	_	O	_	_	NoSpaceAfter
.	O	_	O	_	_	O	_	_	_
33	O	_	O	_	_	O	_	_	NoSpaceAfter
.	O	_	O	_	_	O	_	_	_
zu	O	_	O	_	_	O	_	_	_
0	O	_	B-work.primlit	_	_	O	Q294001	_	InPrimaryReference|NoSpaceAfter|LED0.40
.	O	_	I-work.primlit	_	_	O	Q294001	_	InPrimaryReference|LED0.40
(	O	_	I-work.primlit	_	_	O	Q294001	_	InPrimaryReference|NoSpaceAfter|LED0.40
.	O	_	I-work.primlit	_	_	O	Q294001	_	InPrimaryReference|LED0.40
385	O	_	B-scope	_	_	O	_	_	InPrimaryReference|NoSpaceAfter|LED0.00
.	O	_	O	_	_	O	_	_	EndOfSentence
379	O	_	O	_	_	O	_	_	NoSpaceAfter
.	O	_	O	_	_	O	_	_	_
πάνϑ	O	_	O	_	_	O	_	_	NoSpaceAfter
'	O	_	O	_	_	O	_	_	_
δρῶν	O	_	O	_	_	O	_	_	NoSpaceAfter
,	O	_	O	_	_	O	_	_	_
näml	O	_	O	_	_	O	_	_	NoSpaceAfter
.	O	_	O	_	_	O	_	_	_
κακά	O	_	O	_	_	O	_	_	_
nach	O	_	O	_	_	O	_	_	_
dem	O	_	O	_	_	O	_	_	_
Folgenden	O	_	O	_	_	O	_	_	NoSpaceAfter
,	O	_	O	_	_	O	_	_	_
πανοῦργε	O	_	O	_	_	O	_	_	_
καὶ	O	_	O	_	_	O	_	_	_
περίεργε	O	_	O	_	_	O	_	_	NoSpaceAfter
,	O	_	O	_	_	O	_	_	_
weil	O	_	O	_	_	O	_	_	_
Od	O	_	B-pers.myth	_	_	O	Q47231	_	NoSpaceAfter|LED0.00
.	O	_	I-pers.myth	_	_	O	Q47231	_	LED0.00
der	O	_	O	_	_	O	_	_	_
Hauptspäher	O	_	O	_	_	O	_	_	NoSpaceAfter
des	O	_	O	_	_	O	_	_	_
Heeres	O	_	O	_	_	O	_	_	NoSpaceAfter
.	O	_	O	_	_	O	_	_	_
Vgl	O	_	O	_	_	O	_	_	NoSpaceAfter
.	O	_	O	_	_	O	_	_	_
Phil	O	_	B-work.primlit	_	_	O	Q1415903	_	InPrimaryReference|NoSpaceAfter|LED0.00
.	O	_	I-work.primlit	_	_	O	Q1415903	_	InPrimaryReference|LED0.00
1013	O	_	B-scope	_	_	O	_	_	InPrimaryReference|NoSpaceAfter|LED0.00
.	O	_	O	_	_	O	_	_	EndOfSentence
381	O	_	O	_	_	O	_	_	NoSpaceAfter
.	O	_	O	_	_	O	_	_	NoSpaceAfter
xaxonıv	O	_	O	_	_	O	_	_	NoSpaceAfter
.	O	_	O	_	_	O	_	_	_
ἄλημα	O	_	O	_	_	O	_	_	NoSpaceAfter
,	O	_	O	_	_	O	_	_	_
(	O	_	O	_	_	O	_	_	NoSpaceAfter
(τρίμμα,	O	_	O	_	_	O	_	_	NoSpaceAfter
περίτριμμα	O	_	O	_	_	O	_	_	NoSpaceAfter
)	O	_	O	_	_	O	_	_	_
nennt	O	_	O	_	_	O	_	_	_
Aias	O	_	B-pers.myth	_	_	O	Q172725	_	LED0.00
den	O	_	O	_	_	O	_	_	_
stets	O	_	O	_	_	O	_	_	_
auf	O	_	O	_	_	O	_	_	_
listige	O	_	O	_	_	O	_	_	_
Abenteuer	O	_	O	_	_	O	_	_	_
bedachten	O	_	O	_	_	O	_	_	NoSpaceAfter
Odysseus	O	_	B-pers.myth	_	_	O	Q35160	_	NoSpaceAfter|LED0.00
.	O	_	O	_	_	O	_	_	EndOfSentence
(	O	_	O	_	_	O	_	_	NoSpaceAfter
Hermann	B-pers	_	B-pers.editor	_	_	O	Q77616	_	LED0.00
erkl	O	_	O	_	_	O	_	_	NoSpaceAfter
.	O	_	O	_	_	O	_	_	_
squalidus	O	_	O	_	_	O	_	_	NoSpaceAfter
erro	O	_	O	_	_	O	_	_	_
mit	O	_	O	_	_	O	_	_	_
Bezug	O	_	O	_	_	O	_	_	_
auf	O	_	O	_	_	O	_	_	_
die	O	_	O	_	_	O	_	_	_
Verkleidung	O	_	O	_	_	O	_	_	NoSpaceAfter
als	O	_	O	_	_	O	_	_	_
Bettler	O	_	O	_	_	O	_	_	_
Od	B-work	_	B-work.primlit	_	_	O	Q35160	_	InPrimaryReference|NoSpaceAfter|LED0.00
.	I-work	_	I-work.primlit	_	_	O	Q35160	_	InPrimaryReference|LED0.00
4	B-scope	_	B-scope	_	_	O	_	_	InPrimaryReference|NoSpaceAfter|LED0.00
,	O	_	I-scope	_	_	O	_	_	InPrimaryReference|LED0.00
242	O	_	I-scope	_	_	O	_	_	InPrimaryReference|NoSpaceAfter|LED0.00
.	O	_	O	_	_	O	_	_	_
Allein	O	_	O	_	_	O	_	_	_
@Anue	O	_	O	_	_	O	_	_	_
ist	O	_	O	_	_	O	_	_	_
auch	O	_	O	_	_	O	_	_	_
Ant	B-pers	_	B-work.primlit	_	_	O	Q241077	_	InPrimaryReference|NoSpaceAfter|LED0.00
.	I-pers	_	I-work.primlit	_	_	O	Q241077	_	InPrimaryReference|LED0.00
320	O	_	B-scope	_	_	O	_	_	InPrimaryReference|LED0.00
=	O	_	O	_	_	O	_	_	_
τρίμμα	O	_	O	_	_	O	_	_	NoSpaceAfter
.	O	_	O	_	_	O	_	_	EndOfSentence
Da	O	_	O	_	_	O	_	_	_
aber	O	_	O	_	_	O	_	_	_
ἄλημα	O	_	O	_	_	O	_	_	_
390	O	_	B-scope	_	_	O	_	_	InPrimaryReference|LED0.00
wicederkehrt,	O	_	O	_	_	O	_	_	NoSpaceAfter
ist	O	_	O	_	_	O	_	_	_
hier	O	_	O	_	_	O	_	_	_
vielleicht	O	_	O	_	_	O	_	_	_
ze	O	_	O	_	_	O	_	_	_
A	O	_	O	_	_	O	_	_	_
7	O	_	O	_	_	O	_	_	NoSpaceAfter
-	O	_	O	_	_	O	_	_	_
7μα	O	_	O	_	_	O	_	_	_
zu	O	_	O	_	_	O	_	_	_
lesen	O	_	O	_	_	O	_	_	NoSpaceAfter
,	O	_	O	_	_	O	_	_	_
wie	O	_	O	_	_	O	_	_	_
0	O	_	B-work.primlit	_	_	O	Q294001	_	InPrimaryReference|NoSpaceAfter|LED0.20
.	O	_	I-work.primlit	_	_	O	Q294001	_	InPrimaryReference|LED0.20
C	O	_	I-work.primlit	_	_	O	Q294001	_	InPrimaryReference|NoSpaceAfter|LED0.20
.	O	_	I-work.primlit	_	_	O	Q294001	_	InPrimaryReference|LED0.20
960	O	_	B-scope	_	_	O	_	_	InPrimaryReference|LED0.00
ὦ	O	_	O	_	_	O	_	_	_
λῆμ᾽	O	_	O	_	_	O	_	_	_
ἀναιδές	O	_	O	_	_	O	_	_	NoSpaceAfter
.	O	_	O	_	_	O	_	_	_
Vgl	O	_	O	_	_	O	_	_	NoSpaceAfter
.	O	_	O	_	_	O	_	_	_
445	O	_	B-scope	_	_	O	_	_	InPrimaryReference|NoSpaceAfter|LED0.00
.	O	_	O	_	_	O	_	_	NoSpaceAfter
)	O	_	O	_	_	O	_	_	_
᾿	O	_	O	_	_	O	_	_	EndOfSentence
989	O	_	O	_	_	O	_	_	NoSpaceAfter
.	O	_	O	_	_	O	_	_	_
Lacht	O	_	O	_	_	O	_	_	_
Odysseus	O	_	B-pers.myth	_	_	O	Q35160	_	LED0.00
jetzt	O	_	O	_	_	O	_	_	NoSpaceAfter
,	O	_	O	_	_	O	_	_	_
so	O	_	O	_	_	O	_	_	_
kann	O	_	O	_	_	O	_	_	_
er	O	_	O	_	_	O	_	_	_
bald	O	_	O	_	_	O	_	_	_
jammern	O	_	O	_	_	O	_	_	NoSpaceAfter
,	O	_	O	_	_	O	_	_	_
wenn	O	_	O	_	_	O	_	_	_
es	O	_	O	_	_	O	_	_	_
der	O	_	O	_	_	O	_	_	_
Gottheit	O	_	O	_	_	O	_	_	_
gefällt.	O	_	O	_	_	O	_	_	NoSpaceAfter
Aias	O	_	B-pers.myth	_	_	O	Q172725	_	LED0.00
beachtet	O	_	O	_	_	O	_	_	_
den	O	_	O	_	_	O	_	_	_
Spruch	O	_	O	_	_	O	_	_	_
(	O	_	O	_	_	O	_	_	NoSpaceAfter
statt	O	_	O	_	_	O	_	_	_
ξὺν	O	_	O	_	_	O	_	_	_
τῷ	O	_	O	_	_	O	_	_	_
ϑεῷ	O	_	O	_	_	O	_	_	_
habe	O	_	O	_	_	O	_	_	_
ich	O	_	O	_	_	O	_	_	_
ξύν	O	_	O	_	_	O	_	_	_
τοι	O	_	O	_	_	O	_	_	_
ϑεῷ	O	_	O	_	_	O	_	_	_
geschrieben	O	_	O	_	_	O	_	_	_
:	O	_	O	_	_	O	_	_	_
σὺν	O	_	O	_	_	O	_	_	_
ϑεῷ	O	_	O	_	_	O	_	_	NoSpaceAfter
,	O	_	O	_	_	O	_	_	_
σὺν	O	_	O	_	_	O	_	_	_
ϑεοῖς	O	_	O	_	_	O	_	_	_
ist	O	_	O	_	_	O	_	_	_
die	O	_	O	_	_	O	_	_	_
übliche	O	_	O	_	_	O	_	_	_
Formel	O	_	O	_	_	O	_	_	NoSpaceAfter
:	O	_	O	_	_	O	_	_	_
O	O	_	B-work.primlit	_	_	O	Q148643	_	InPrimaryReference|NoSpaceAfter|LED0.00
.	O	_	I-work.primlit	_	_	O	Q148643	_	InPrimaryReference|LED0.00
R	O	_	I-work.primlit	_	_	O	Q148643	_	InPrimaryReference|NoSpaceAfter|LED0.00
.	O	_	I-work.primlit	_	_	O	Q148643	_	InPrimaryReference|LED0.00
148	O	_	B-scope	_	_	O	_	_	InPrimaryReference|LED0.00
ist	O	_	O	_	_	O	_	_	_
ein	O	_	O	_	_	O	_	_	_
bestimmter	O	_	O	_	_	O	_	_	_
Gott	O	_	O	_	_	O	_	_	_
gemeint	O	_	O	_	_	O	_	_	NoSpaceAfter
)	O	_	O	_	_	O	_	_	NoSpaceAfter
,	O	_	O	_	_	O	_	_	_
dass	O	_	O	_	_	O	_	_	_
des	O	_	O	_	_	O	_	_	_
Menschen	O	_	O	_	_	O	_	_	_
Geschick	O	_	O	_	_	O	_	_	NoSpaceAfter
von	O	_	O	_	_	O	_	_	_
den	O	_	O	_	_	O	_	_	_
Göttern	O	_	O	_	_	O	_	_	_
abhange	O	_	O	_	_	O	_	_	NoSpaceAfter
,	O	_	O	_	_	O	_	_	_
nicht	O	_	O	_	_	O	_	_	NoSpaceAfter
,	O	_	O	_	_	O	_	_	_
sondern	O	_	O	_	_	O	_	_	_
wünscht	O	_	O	_	_	O	_	_	NoSpaceAfter
,	O	_	O	_	_	O	_	_	_
sei	O	_	O	_	_	O	_	_	_
er	O	_	O	_	_	O	_	_	_
auch	O	_	O	_	_	O	_	_	_
schwer	O	_	O	_	_	O	_	_	_
von	O	_	O	_	_	O	_	_	_
den	O	_	O	_	_	O	_	_	_
Göttern	O	_	O	_	_	O	_	_	_
gebeugt	O	_	O	_	_	O	_	_	NoSpaceAfter
,	O	_	O	_	_	O	_	_	_
des	O	_	O	_	_	O	_	_	_
Od	O	_	B-pers.myth	_	_	O	Q47231	_	NoSpaceAfter|LED0.00
.	O	_	I-pers.myth	_	_	O	Q47231	_	LED0.00
habhaft	O	_	O	_	_	O	_	_	_
zu	O	_	O	_	_	O	_	_	_
werden	O	_	O	_	_	O	_	_	NoSpaceAfter
.	O	_	O	_	_	O	_	_	EndOfSentence
Darauf	O	_	O	_	_	O	_	_	_
mahnt	O	_	O	_	_	O	_	_	_
ihn	O	_	O	_	_	O	_	_	_
Tekmessa	O	_	B-pers.myth	_	_	O	Q10796858	_	NoSpaceAfter|LED0.00
,	O	_	O	_	_	O	_	_	_
nicht	O	_	O	_	_	O	_	_	_
ver	O	_	O	_	_	O	_	_	NoSpaceAfter
-	O	_	O	_	_	O	_	_	_
messen	O	_	O	_	_	O	_	_	_
zu	O	_	O	_	_	O	_	_	_
reden	O	_	O	_	_	O	_	_	NoSpaceAfter
,	O	_	O	_	_	O	_	_	_
vgl	O	_	O	_	_	O	_	_	NoSpaceAfter
.	O	_	O	_	_	O	_	_	_
127	B-scope	_	B-scope	_	_	O	_	_	InPrimaryReference|NoSpaceAfter|LED0.00
.	O	_	O	_	_	O	_	_	EndOfSentence
Gewöhnlich	O	_	O	_	_	O	_	_	NoSpaceAfter
wird	O	_	O	_	_	O	_	_	_
386	O	_	B-scope	_	_	O	_	_	InPrimaryReference|LED0.00
dem	O	_	O	_	_	O	_	_	_
Chore	O	_	O	_	_	O	_	_	_
zugetheilt.	O	_	O	_	_	O	_	_	NoSpaceAfter
Aber	O	_	O	_	_	O	_	_	_
die	O	_	O	_	_	O	_	_	_
Gesänge	O	_	O	_	_	O	_	_	_
und	O	_	O	_	_	O	_	_	_
Reden	O	_	O	_	_	O	_	_	_
von	O	_	O	_	_	O	_	_	_
348	O	_	B-scope	_	_	O	_	_	InPrimaryReference|LED0.00
bis	O	_	O	_	_	O	_	_	_
430	O	_	B-scope	_	_	O	_	_	InPrimaryReference|LED0.00
sind	O	_	O	_	_	O	_	_	_
symmetrisch	O	_	O	_	_	O	_	_	NoSpaceAfter
so	O	_	O	_	_	O	_	_	_
angeordnet	O	_	O	_	_	O	_	_	NoSpaceAfter
,	O	_	O	_	_	O	_	_	_
dass	O	_	O	_	_	O	_	_	_
Aias	O	_	B-pers.myth	_	_	O	Q172725	_	LED0.00
in	O	_	O	_	_	O	_	_	_
den	O	_	O	_	_	O	_	_	_
Iyrischen	O	_	O	_	_	O	_	_	_
Partien	O	_	O	_	_	O	_	_	_
sich	O	_	O	_	_	O	_	_	_
selbst	O	_	O	_	_	O	_	_	NoSpaceAfter
,	O	_	O	_	_	O	_	_	_
die	O	_	O	_	_	O	_	_	_
Reden	O	_	O	_	_	O	_	_	_
des	O	_	O	_	_	O	_	_	_
Chors	O	_	O	_	_	O	_	_	_
und	O	_	O	_	_	O	_	_	_
der	O	_	O	_	_	O	_	_	_
Tekmessa	O	_	B-pers.myth	_	_	O	Q10796858	_	NoSpaceAfter|LED0.00
einander	O	_	O	_	_	O	_	_	_
gegenseitig	O	_	O	_	_	O	_	_	_
entspre	O	_	O	_	_	O	_	_	NoSpaceAfter
-	O	_	O	_	_	O	_	_	EndOfSentence

# hipe2022:original_source = data/preparation/corpus/de/retokenized/sophokle1v3soph_0083.xmi
# hipe2022:license = CC-BY
# hipe2022:language = de
# hipe2022:document_type = commentary
# hipe2022:document_id = sophokle1v3soph_0083
# hipe2022:date = 1853-01-01
# hipe2022:dataset = ajmc
# hipe2022:applicable_columns = TOKEN NE-COARSE-LIT NE-FINE-LIT NE-NESTED NEL-LIT MISC
# ajmc:version = v0.3
# ajmc:title = Sophokles, erklärt
# ajmc:publication_place = Leipzig
# ajmc:publication_date = 1853
# ajmc:page = 83
# ajmc:author = Schneidewin, Friedrich Wilhelm
493	O	_	O	_	_	O	_	_	NoSpaceAfter
.	O	_	O	_	_	O	_	_	_
συνηλλάχϑης	O	_	O	_	_	O	_	_	NoSpaceAfter
,	O	_	O	_	_	O	_	_	_
συνηρμόσϑης,	O	_	O	_	_	O	_	_	NoSpaceAfter
γάμῳ	O	_	O	_	_	O	_	_	_
συνεζεύχϑης	O	_	O	_	_	O	_	_	NoSpaceAfter
.	O	_	O	_	_	O	_	_	EndOfSentence
495	O	_	O	_	_	O	_	_	NoSpaceAfter
.	O	_	O	_	_	O	_	_	_
ἐφείς	O	_	O	_	_	O	_	_	_
1297	O	_	B-scope	_	_	O	_	_	InPrimaryReference|NoSpaceAfter|LED0.00
)	O	_	O	_	_	O	_	_	NoSpaceAfter
,	O	_	O	_	_	O	_	_	_
ὑποχειρίαν	O	_	O	_	_	O	_	_	_
δούς	O	_	O	_	_	O	_	_	_
τινι	O	_	O	_	_	O	_	_	_
τῶν	O	_	O	_	_	O	_	_	_
ἐχϑρῶν	O	_	O	_	_	O	_	_	_
Schol	O	_	O	_	_	O	_	_	NoSpaceAfter
.	O	_	O	_	_	O	_	_	_
Minder	O	_	O	_	_	O	_	_	NoSpaceAfter
gut	O	_	O	_	_	O	_	_	_
bezeugt	O	_	O	_	_	O	_	_	_
ist	O	_	O	_	_	O	_	_	_
ἀφείς	O	_	O	_	_	O	_	_	NoSpaceAfter
,	O	_	O	_	_	O	_	_	_
das	O	_	O	_	_	O	_	_	_
aus	O	_	O	_	_	O	_	_	_
496	O	_	B-scope	_	_	O	_	_	InPrimaryReference|LED0.00
ver	O	_	O	_	_	O	_	_	_
schrieben	O	_	O	_	_	O	_	_	_
ist	O	_	O	_	_	O	_	_	NoSpaceAfter
.	O	_	O	_	_	O	_	_	EndOfSentence
496	O	_	O	_	_	O	_	_	_
ff	O	_	O	_	_	O	_	_	NoSpaceAfter
.	O	_	O	_	_	O	_	_	_
„	O	_	O	_	_	O	_	_	NoSpaceAfter
Denn	O	_	O	_	_	O	_	_	_
geseizt	O	_	O	_	_	O	_	_	_
du	O	_	O	_	_	O	_	_	_
stirbst	O	_	O	_	_	O	_	_	_
und	O	_	O	_	_	O	_	_	_
lässt	O	_	O	_	_	O	_	_	_
mich	O	_	O	_	_	O	_	_	_
damit	O	_	O	_	_	O	_	_	_
(	O	_	O	_	_	O	_	_	NoSpaceAfter
τελευτήσας	O	_	O	_	_	O	_	_	_
S	O	_	O	_	_	O	_	_	_
᾿	O	_	O	_	_	O	_	_	NoSpaceAfter
'	O	_	O	_	_	O	_	_	NoSpaceAfter
ϑανώ»	O	_	O	_	_	O	_	_	NoSpaceAfter
)	O	_	O	_	_	O	_	_	_
im	O	_	O	_	_	O	_	_	_
Stiche	O	_	O	_	_	O	_	_	NoSpaceAfter
,	O	_	O	_	_	O	_	_	_
ohne	O	_	O	_	_	O	_	_	_
deinen	O	_	O	_	_	O	_	_	_
Schutz	O	_	O	_	_	O	_	_	NoSpaceAfter
,	O	_	O	_	_	O	_	_	_
so	O	_	O	_	_	O	_	_	_
wird	O	_	O	_	_	O	_	_	_
unfehlbar	O	_	O	_	_	O	_	_	_
unser	O	_	O	_	_	O	_	_	_
Loos	O	_	O	_	_	O	_	_	_
Sklaverei	O	_	O	_	_	O	_	_	_
sein	O	_	O	_	_	O	_	_	NoSpaceAfter
.	O	_	O	_	_	O	_	_	NoSpaceAfter
‘‘	O	_	O	_	_	O	_	_	EndOfSentence
Mit	O	_	O	_	_	O	_	_	_
Rücksicht	O	_	O	_	_	O	_	_	NoSpaceAfter
gerade	O	_	O	_	_	O	_	_	_
auf	O	_	O	_	_	O	_	_	_
diese	O	_	O	_	_	O	_	_	_
Besorgniss	O	_	O	_	_	O	_	_	_
ordnet	O	_	O	_	_	O	_	_	_
Atas	O	_	B-pers.myth	_	_	O	Q172725	_	LED0.25
560	O	_	B-scope	_	_	O	_	_	InPrimaryReference|LED0.00
ff	O	_	I-scope	_	_	O	_	_	InPrimaryReference|NoSpaceAfter|LED0.00
.	O	_	I-scope	_	_	O	_	_	InPrimaryReference|LED0.00
den	O	_	O	_	_	O	_	_	_
Teukros	B-pers	_	B-pers.myth	_	_	O	Q878184	_	LED0.00
als	O	_	O	_	_	O	_	_	_
Beschützer	O	_	O	_	_	O	_	_	_
der	O	_	O	_	_	O	_	_	_
Seinigen	O	_	O	_	_	O	_	_	_
an	O	_	O	_	_	O	_	_	NoSpaceAfter
.	O	_	O	_	_	O	_	_	EndOfSentence
Der	O	_	O	_	_	O	_	_	_
Conj	O	_	O	_	_	O	_	_	NoSpaceAfter
.	O	_	O	_	_	O	_	_	_
bei	O	_	O	_	_	O	_	_	_
εἰ	O	_	O	_	_	O	_	_	_
wie	O	_	O	_	_	O	_	_	_
O	O	_	B-work.primlit	_	_	O	Q148643	_	InPrimaryReference|NoSpaceAfter|LED0.20
.	O	_	I-work.primlit	_	_	O	Q148643	_	InPrimaryReference|LED0.20
ἢ	O	_	I-work.primlit	_	_	O	Q148643	_	InPrimaryReference|NoSpaceAfter|LED0.20
.	O	_	I-work.primlit	_	_	O	Q148643	_	InPrimaryReference|LED0.20
198	O	_	B-scope	_	_	O	_	_	InPrimaryReference|NoSpaceAfter|LED0.00
.	O	_	O	_	_	O	_	_	EndOfSentence
Die	O	_	O	_	_	O	_	_	_
Lesart	O	_	O	_	_	O	_	_	_
ist	O	_	O	_	_	O	_	_	_
aus	O	_	O	_	_	O	_	_	_
Laur	B-pers	_	B-object.manuscr	_	_	O	_	_	NoSpaceAfter|LED0.00
.	O	_	I-object.manuscr	_	_	O	_	_	LED0.00
A	O	_	I-object.manuscr	_	_	O	_	_	NoSpaceAfter|LED0.00
:	O	_	O	_	_	O	_	_	_
BDindorf	B-pers	_	B-pers.editor	_	_	O	Q67533	_	LED0.12
hat	O	_	O	_	_	O	_	_	_
y	O	_	O	_	_	O	_	_	_
γὰρ	O	_	O	_	_	O	_	_	_
.	O	_	O	_	_	O	_	_	_
.	O	_	O	_	_	O	_	_	NoSpaceAfter
.	O	_	O	_	_	O	_	_	NoSpaceAfter
.	O	_	O	_	_	O	_	_	_
geschrieben	O	_	O	_	_	O	_	_	NoSpaceAfter
,	O	_	O	_	_	O	_	_	_
sehr	O	_	O	_	_	O	_	_	_
ansprechend	O	_	O	_	_	O	_	_	NoSpaceAfter
,	O	_	O	_	_	O	_	_	_
‘obwohl	O	_	O	_	_	O	_	_	_
sich	O	_	O	_	_	O	_	_	_
εἰ	O	_	O	_	_	O	_	_	_
durch	O	_	O	_	_	O	_	_	_
Trach	O	_	B-work.primlit	_	_	O	Q945342	_	InPrimaryReference|NoSpaceAfter|LED0.00
.	O	_	I-work.primlit	_	_	O	Q945342	_	InPrimaryReference|LED0.00
719	O	_	B-scope	_	_	O	_	_	InPrimaryReference|LED0.00
Sedozret	O	_	O	_	_	O	_	_	NoSpaceAfter
,	O	_	O	_	_	O	_	_	_
κεῖνος	O	_	O	_	_	O	_	_	_
εἰ	O	_	O	_	_	O	_	_	_
σφαλήσεται,	O	_	O	_	_	O	_	_	NoSpaceAfter
Κείνῃ	O	_	O	_	_	O	_	_	_
σὺν	O	_	O	_	_	O	_	_	_
δρμῇ	O	_	O	_	_	O	_	_	_
κἀμὲ	O	_	O	_	_	O	_	_	_
συνθαωνεῖν	O	_	O	_	_	O	_	_	_
ἅμα	O	_	O	_	_	O	_	_	_
ver	O	_	O	_	_	O	_	_	_
theidigen	O	_	O	_	_	O	_	_	_
lässt	O	_	O	_	_	O	_	_	NoSpaceAfter
.	O	_	O	_	_	O	_	_	EndOfSentence
Der	O	_	O	_	_	O	_	_	_
Schol	O	_	O	_	_	O	_	_	NoSpaceAfter
.	O	_	O	_	_	O	_	_	_
erklärt	O	_	O	_	_	O	_	_	_
ταύτῃ	O	_	O	_	_	O	_	_	_
durch	O	_	O	_	_	O	_	_	_
οὕτως	O	_	O	_	_	O	_	_	NoSpaceAfter
,	O	_	O	_	_	O	_	_	_
χατὰ	O	_	O	_	_	O	_	_	_
τοῦτον	O	_	O	_	_	O	_	_	_
τὸν	O	_	O	_	_	O	_	_	_
τρόπον	O	_	O	_	_	O	_	_	NoSpaceAfter
.	O	_	O	_	_	O	_	_	EndOfSentence
(	O	_	O	_	_	O	_	_	NoSpaceAfter
Früber	O	_	O	_	_	O	_	_	_
hatte	O	_	O	_	_	O	_	_	_
ich	O	_	O	_	_	O	_	_	_
mit	O	_	O	_	_	O	_	_	_
Sintenis	O	_	O	_	_	O	_	_	_
red	O	_	O	_	_	O	_	_	NoSpaceAfter
.	O	_	O	_	_	O	_	_	_
φανῇς	O	_	O	_	_	O	_	_	_
(	O	_	O	_	_	O	_	_	NoSpaceAfter
vgl	O	_	O	_	_	O	_	_	NoSpaceAfter
.	O	_	O	_	_	O	_	_	_
Phil	O	_	B-work.primlit	_	_	O	Q1415903	_	InPrimaryReference|NoSpaceAfter|LED0.00
.	O	_	I-work.primlit	_	_	O	Q1415903	_	InPrimaryReference|LED0.00
1339	O	_	B-scope	_	_	O	_	_	InPrimaryReference|LED0.00
πέρσας	O	_	O	_	_	O	_	_	_
φανῇς	O	_	O	_	_	O	_	_	NoSpaceAfter
)	O	_	O	_	_	O	_	_	_
geschrieben	O	_	O	_	_	O	_	_	_
,	O	_	O	_	_	O	_	_	_
weil	O	_	O	_	_	O	_	_	_
durch	O	_	O	_	_	O	_	_	_
ἀφῇς	O	_	O	_	_	O	_	_	_
schon	O	_	O	_	_	O	_	_	_
antieipirt	O	_	O	_	_	O	_	_	_
würde	O	_	O	_	_	O	_	_	NoSpaceAfter
,	O	_	O	_	_	O	_	_	_
was	O	_	O	_	_	O	_	_	_
erst	O	_	O	_	_	O	_	_	_
im	O	_	O	_	_	O	_	_	_
Nachsatze	O	_	O	_	_	O	_	_	_
ausgesprochen	O	_	O	_	_	O	_	_	_
-	O	_	O	_	_	O	_	_	NoSpaceAfter
werde	O	_	O	_	_	O	_	_	_
wird	O	_	O	_	_	O	_	_	NoSpaceAfter
,	O	_	O	_	_	O	_	_	_
vgl	O	_	O	_	_	O	_	_	NoSpaceAfter
.	O	_	O	_	_	O	_	_	_
513	O	_	B-scope	_	_	O	_	_	InPrimaryReference|NoSpaceAfter|LED0.00
.	O	_	O	_	_	O	_	_	EndOfSentence
Allein	O	_	O	_	_	O	_	_	_
der	O	_	O	_	_	O	_	_	_
Gedanke	O	_	O	_	_	O	_	_	_
ist	O	_	O	_	_	O	_	_	_
vollkommen	O	_	O	_	_	O	_	_	_
richtig	O	_	O	_	_	O	_	_	NoSpaceAfter
,	O	_	O	_	_	O	_	_	_
da	O	_	O	_	_	O	_	_	_
die	O	_	O	_	_	O	_	_	_
dovλεία	O	_	O	_	_	O	_	_	NoSpaceAfter
erst	O	_	O	_	_	O	_	_	_
eine	O	_	O	_	_	O	_	_	_
Folge	O	_	O	_	_	O	_	_	_
des	O	_	O	_	_	O	_	_	_
(	O	_	O	_	_	O	_	_	NoSpaceAfter
μόνην	O	_	O	_	_	O	_	_	NoSpaceAfter
)	O	_	O	_	_	O	_	_	_
ἀφεῖναι	O	_	O	_	_	O	_	_	_
ist	O	_	O	_	_	O	_	_	NoSpaceAfter
.	O	_	O	_	_	O	_	_	NoSpaceAfter
)	O	_	O	_	_	O	_	_	EndOfSentence
499	O	_	O	_	_	O	_	_	NoSpaceAfter
.	O	_	O	_	_	O	_	_	_
δούλιον	O	_	O	_	_	O	_	_	_
die	O	_	O	_	_	O	_	_	_
guten	O	_	O	_	_	O	_	_	_
Quellen:	O	_	O	_	_	O	_	_	NoSpaceAfter
ob	O	_	O	_	_	O	_	_	_
δούλιον	O	_	O	_	_	O	_	_	_
στέρξειν	O	_	O	_	_	O	_	_	_
To	O	_	O	_	_	O	_	_	NoSpaceAfter
.	O	_	O	_	_	O	_	_	NoSpaceAfter
,	O	_	O	_	_	O	_	_	_
mich	O	_	O	_	_	O	_	_	_
in	O	_	O	_	_	O	_	_	_
die	O	_	O	_	_	O	_	_	_
Sklaverei	O	_	O	_	_	O	_	_	NoSpaceAfter
fügen	O	_	O	_	_	O	_	_	_
müssen	O	_	O	_	_	O	_	_	NoSpaceAfter
?	O	_	O	_	_	O	_	_	EndOfSentence
500	O	_	O	_	_	O	_	_	NoSpaceAfter
.	O	_	O	_	_	O	_	_	_
Il	O	_	B-work.primlit	_	_	O	Q8275	_	InPrimaryReference|NoSpaceAfter|LED0.00
.	O	_	I-work.primlit	_	_	O	Q8275	_	InPrimaryReference|LED0.00
6	O	_	B-scope	_	_	O	_	_	InPrimaryReference|NoSpaceAfter|LED0.00
,	O	_	I-scope	_	_	O	_	_	InPrimaryReference|LED0.00
459	O	_	I-scope	_	_	O	_	_	InPrimaryReference|LED0.00
ff	O	_	I-scope	_	_	O	_	_	InPrimaryReference|NoSpaceAfter|LED0.00
.	O	_	I-scope	_	_	O	_	_	InPrimaryReference|LED0.00
Καί	O	_	O	_	_	O	_	_	_
ποτέ	O	_	O	_	_	O	_	_	_
τις	O	_	O	_	_	O	_	_	_
εἴπῃσιν	O	_	O	_	_	O	_	_	_
ἰδὼν	O	_	O	_	_	O	_	_	_
κάτα	O	_	O	_	_	O	_	_	_
δάκρυ	O	_	O	_	_	O	_	_	_
χέουσαν	O	_	O	_	_	O	_	_	_
»»Ἔχτορος	O	_	O	_	_	O	_	_	_
nde	O	_	O	_	_	O	_	_	_
γυνή	O	_	O	_	_	O	_	_	NoSpaceAfter
,	O	_	O	_	_	O	_	_	_
ὃς	O	_	O	_	_	O	_	_	_
ἀριστεύεσχε	O	_	O	_	_	O	_	_	NoSpaceAfter
μιάχεσϑαι	O	_	O	_	_	O	_	_	_
Τρώων	O	_	O	_	_	O	_	_	_
ἱπποδάμων	O	_	O	_	_	O	_	_	NoSpaceAfter
,	O	_	O	_	_	O	_	_	EndOfSentence
χαϑαστό	O	_	O	_	_	O	_	_	NoSpaceAfter
-	O	_	O	_	_	O	_	_	_
μενός	O	_	O	_	_	O	_	_	_
μου	O	_	O	_	_	O	_	_	NoSpaceAfter
,	O	_	O	_	_	O	_	_	_
wie	O	_	O	_	_	O	_	_	_
Aesch	O	_	B-pers.author	_	_	O	Q40939	_	InPrimaryReference|NoSpaceAfter|LED0.00
.	O	_	I-pers.author	_	_	O	Q40939	_	InPrimaryReference|LED0.00
Sieben	O	_	B-work.primlit	_	_	O	Q506546	_	InPrimaryReference|LED0.00
388	O	_	B-scope	_	_	O	_	_	InPrimaryReference|LED0.00
VEvsır	O	_	O	_	_	O	_	_	_
ὀνείδει	O	_	O	_	_	O	_	_	NoSpaceAfter
.	O	_	O	_	_	O	_	_	EndOfSentence
503	O	_	O	_	_	O	_	_	NoSpaceAfter
.	O	_	O	_	_	O	_	_	_
τρέφει	O	_	O	_	_	O	_	_	NoSpaceAfter
,	O	_	O	_	_	O	_	_	_
644	O	_	O	_	_	O	_	_	NoSpaceAfter
.	O	_	O	_	_	O	_	_	_
0	O	_	B-work.primlit	_	_	O	Q294001	_	InPrimaryReference|NoSpaceAfter|LED0.40
.	O	_	I-work.primlit	_	_	O	Q294001	_	InPrimaryReference|LED0.40
€	O	_	I-work.primlit	_	_	O	Q294001	_	InPrimaryReference|NoSpaceAfter|LED0.40
.	O	_	I-work.primlit	_	_	O	Q294001	_	InPrimaryReference|LED0.40
186	O	_	B-scope	_	_	O	_	_	InPrimaryReference|NoSpaceAfter|LED0.00
.	O	_	O	_	_	O	_	_	EndOfSentence
504	O	_	O	_	_	O	_	_	NoSpaceAfter
.	O	_	O	_	_	O	_	_	_
δαίμων	O	_	O	_	_	O	_	_	_
ἐλᾷ	O	_	O	_	_	O	_	_	NoSpaceAfter
,	O	_	O	_	_	O	_	_	_
N	O	_	O	_	_	O	_	_	_
δυστυχία	O	_	O	_	_	O	_	_	NoSpaceAfter
,	O	_	O	_	_	O	_	_	_
wie	O	_	O	_	_	O	_	_	_
sonst	O	_	O	_	_	O	_	_	_
χαχοῖς	O	_	O	_	_	O	_	_	NoSpaceAfter
,	O	_	O	_	_	O	_	_	_
συμφοραῖς	O	_	O	_	_	O	_	_	_
ἐλαύγεσϑαι.	O	_	O	_	_	O	_	_	NoSpaceAfter
Vgl	O	_	O	_	_	O	_	_	NoSpaceAfter
.	O	_	O	_	_	O	_	_	_
275	O	_	B-scope	_	_	O	_	_	InPrimaryReference|NoSpaceAfter|LED0.00
.	O	_	O	_	_	O	_	_	InPrimaryReference
406	O	_	B-scope	_	_	O	_	_	InPrimaryReference|NoSpaceAfter|LED0.00
.	O	_	O	_	_	O	_	_	EndOfSentence
505	O	_	O	_	_	O	_	_	NoSpaceAfter
.	O	_	O	_	_	O	_	_	_
Tekm	O	_	B-pers.myth	_	_	O	Q10796858	_	NoSpaceAfter|LED0.00
.	O	_	I-pers.myth	_	_	O	Q10796858	_	LED0.00
setzt	O	_	O	_	_	O	_	_	_
dieses	O	_	O	_	_	O	_	_	_
αἰσχρόν	O	_	O	_	_	O	_	_	_
dem	O	_	O	_	_	O	_	_	_
des	O	_	O	_	_	O	_	_	_
Aias	O	_	B-pers.myth	_	_	O	Q172725	_	LED0.00
473	O	_	B-scope	_	_	O	_	_	InPrimaryReference|LED0.00
entgegen	O	_	O	_	_	O	_	_	_
und	O	_	O	_	_	O	_	_	_
Aias	O	_	B-pers.myth	_	_	O	Q172725	_	LED0.00
thut	O	_	O	_	_	O	_	_	_
indirect	O	_	O	_	_	O	_	_	_
durch	O	_	O	_	_	O	_	_	_
Verweisung	O	_	O	_	_	O	_	_	NoSpaceAfter
auf	O	_	O	_	_	O	_	_	_
Teukros	O	_	B-pers.myth	_	_	O	Q878184	_	LED0.00
560ff	O	_	B-scope	_	_	O	_	_	InPrimaryReference|NoSpaceAfter|LED0.14
.	O	_	I-scope	_	_	O	_	_	InPrimaryReference|NoSpaceAfter|LED0.14
.	O	_	I-scope	_	_	O	_	_	InPrimaryReference|LED0.14
hierauf	O	_	O	_	_	O	_	_	_
-	O	_	O	_	_	O	_	_	_
Bescheid	O	_	O	_	_	O	_	_	NoSpaceAfter
.	O	_	O	_	_	O	_	_	EndOfSentence
507	O	_	O	_	_	O	_	_	NoSpaceAfter
.	O	_	O	_	_	O	_	_	_
Vgl	O	_	O	_	_	O	_	_	NoSpaceAfter
.	O	_	O	_	_	O	_	_	_
622	O	_	B-scope	_	_	O	_	_	InPrimaryReference|LED0.43
ſ	O	_	I-scope	_	_	O	_	_	InPrimaryReference|NoSpaceAfter|LED0.43
.	O	_	O	_	_	O	_	_	EndOfSentence
ὅτε	O	_	O	_	_	O	_	_	_
Ἴλιον	O	_	O	_	_	O	_	_	_
ἀμφεμάχοντο	O	_	O	_	_	O	_	_	NoSpaceAfter
.	O	_	O	_	_	O	_	_	NoSpaceAfter
""	O	_	O	_	_	O	_	_	_
Vgl	O	_	O	_	_	O	_	_	NoSpaceAfter
.	O	_	O	_	_	O	_	_	_
Ant	B-work	_	B-work.primlit	_	_	O	Q241077	_	InPrimaryReference|NoSpaceAfter|LED0.00
.	I-work	_	I-work.primlit	_	_	O	Q241077	_	InPrimaryReference|LED0.00
696	B-scope	_	B-scope	_	_	O	_	_	InPrimaryReference|LED0.00
ff	I-scope	_	I-scope	_	_	O	_	_	InPrimaryReference|NoSpaceAfter|LED0.00
.	I-scope	_	I-scope	_	_	O	_	_	InPrimaryReference|LED0.00
El	O	_	B-work.primlit	_	_	O	Q733444	_	InPrimaryReference|NoSpaceAfter|LED0.00
.	O	_	I-work.primlit	_	_	O	Q733444	_	InPrimaryReference|LED0.00
975	B-scope	_	B-scope	_	_	O	_	_	InPrimaryReference|LED0.00
ff	I-scope	_	I-scope	_	_	O	_	_	InPrimaryReference|NoSpaceAfter|LED0.00
.	I-scope	_	I-scope	_	_	O	_	_	InPrimaryReference|LED0.00
501	B-scope	_	O	_	_	O	_	_	NoSpaceAfter
.	O	_	O	_	_	O	_	_	_
λόγοις	O	_	O	_	_	O	_	_	_
ianrwv	O	_	O	_	_	O	_	_	NoSpaceAfter
,	O	_	O	_	_	O	_	_	_
con	O	_	O	_	_	O	_	_	NoSpaceAfter
-	O	_	O	_	_	O	_	_	EndOfSentence

# hipe2022:original_source = data/preparation/corpus/de/retokenized/sophokle1v3soph_0092.xmi
# hipe2022:license = CC-BY
# hipe2022:language = de
# hipe2022:document_type = commentary
# hipe2022:document_id = sophokle1v3soph_0092
# hipe2022:date = 1853-01-01
# hipe2022:dataset = ajmc
# hipe2022:applicable_columns = TOKEN NE-COARSE-LIT NE-FINE-LIT NE-NESTED NEL-LIT MISC
# ajmc:version = v0.3
# ajmc:title = Sophokles, erklärt
# ajmc:publication_place = Leipzig
# ajmc:publication_date = 1853
# ajmc:page = 92
# ajmc:author = Schneidewin, Friedrich Wilhelm
614	O	_	O	_	_	O	_	_	NoSpaceAfter
.	O	_	O	_	_	O	_	_	_
φρενὸς	O	_	O	_	_	O	_	_	_
οἰοβώτας	O	_	O	_	_	O	_	_	NoSpaceAfter
,	O	_	O	_	_	O	_	_	_
seinen	O	_	O	_	_	O	_	_	_
Sinn	O	_	O	_	_	O	_	_	_
auf	O	_	O	_	_	O	_	_	_
einsame	O	_	O	_	_	O	_	_	_
Weide	O	_	O	_	_	O	_	_	_
führend	O	_	O	_	_	O	_	_	NoSpaceAfter
,	O	_	O	_	_	O	_	_	_
insofern	O	_	O	_	_	O	_	_	_
Aias	O	_	B-pers.myth	_	_	O	Q172725	_	LED0.00
wie	O	_	O	_	_	O	_	_	_
ein	O	_	O	_	_	O	_	_	_
krankes	O	_	O	_	_	O	_	_	_
Weidethier	O	_	O	_	_	O	_	_	_
von	O	_	O	_	_	O	_	_	_
seiner	O	_	O	_	_	O	_	_	_
Umgebung	O	_	O	_	_	O	_	_	_
sich	O	_	O	_	_	O	_	_	_
trennt	O	_	O	_	_	O	_	_	_
und	O	_	O	_	_	O	_	_	_
in	O	_	O	_	_	O	_	_	_
seinen	O	_	O	_	_	O	_	_	_
absonderlichen	O	_	O	_	_	O	_	_	_
wahnsinnigen	O	_	O	_	_	O	_	_	_
Vorstellungen	O	_	O	_	_	O	_	_	_
herumschweift	O	_	O	_	_	O	_	_	NoSpaceAfter
,	O	_	O	_	_	O	_	_	_
ohne	O	_	O	_	_	O	_	_	_
freundlicher	O	_	O	_	_	O	_	_	_
Zurede	O	_	O	_	_	O	_	_	_
zu	O	_	O	_	_	O	_	_	_
„	O	_	O	_	_	O	_	_	NoSpaceAfter
folgen	O	_	O	_	_	O	_	_	NoSpaceAfter
.	O	_	O	_	_	O	_	_	EndOfSentence
Vgl	O	_	O	_	_	O	_	_	NoSpaceAfter
.	O	_	O	_	_	O	_	_	_
640	O	_	O	_	_	O	_	_	NoSpaceAfter
.	O	_	O	_	_	O	_	_	_
11	O	_	B-work.primlit	_	_	O	Q8275	_	InPrimaryReference|NoSpaceAfter|LED0.67
.	O	_	I-work.primlit	_	_	O	Q8275	_	InPrimaryReference|LED0.67
6	O	_	B-scope	_	_	O	_	_	InPrimaryReference|NoSpaceAfter|LED0.00
,	O	_	I-scope	_	_	O	_	_	InPrimaryReference|LED0.00
201	O	_	I-scope	_	_	O	_	_	InPrimaryReference|LED0.00
Ἤτοι	O	_	O	_	_	O	_	_	_
ὃ	O	_	O	_	_	O	_	_	_
χὰπ	O	_	O	_	_	O	_	_	_
πεδίον	O	_	O	_	_	O	_	_	_
τὸ	O	_	O	_	_	O	_	_	_
Alnıov	O	_	O	_	_	O	_	_	_
οἷος	O	_	O	_	_	O	_	_	_
ἀλᾶτο	O	_	O	_	_	O	_	_	NoSpaceAfter
,	O	_	O	_	_	O	_	_	_
Ὃν	O	_	O	_	_	O	_	_	_
ϑυμὸν	O	_	O	_	_	O	_	_	_
κατέδων	O	_	O	_	_	O	_	_	NoSpaceAfter
,	O	_	O	_	_	O	_	_	_
πάτον	O	_	O	_	_	O	_	_	_
ἀνθρώπων	O	_	O	_	_	O	_	_	_
ἀλε	O	_	O	_	_	O	_	_	NoSpaceAfter
-	O	_	O	_	_	O	_	_	_
είνων	O	_	O	_	_	O	_	_	NoSpaceAfter
.	O	_	O	_	_	O	_	_	EndOfSentence
—	O	_	O	_	_	O	_	_	_
Obgleich	O	_	O	_	_	O	_	_	_
die	O	_	O	_	_	O	_	_	_
Tobwuth	O	_	O	_	_	O	_	_	_
vorüber	O	_	O	_	_	O	_	_	_
ist	O	_	O	_	_	O	_	_	NoSpaceAfter
,	O	_	O	_	_	O	_	_	_
redet	O	_	O	_	_	O	_	_	_
der	O	_	O	_	_	O	_	_	_
Chor	O	_	O	_	_	O	_	_	_
doch	O	_	O	_	_	O	_	_	_
noch	O	_	O	_	_	O	_	_	_
von	O	_	O	_	_	O	_	_	_
μανία	O	_	O	_	_	O	_	_	NoSpaceAfter
,	O	_	O	_	_	O	_	_	_
weil	O	_	O	_	_	O	_	_	_
Aias	B-pers	_	B-pers.myth	_	_	O	Q172725	_	LED0.00
sich	O	_	O	_	_	O	_	_	_
noch	O	_	O	_	_	O	_	_	_
nicht	O	_	O	_	_	O	_	_	_
von	O	_	O	_	_	O	_	_	_
Rach	O	_	O	_	_	O	_	_	NoSpaceAfter
-	O	_	O	_	_	O	_	_	_
und	O	_	O	_	_	O	_	_	_
Mordge	O	_	O	_	_	O	_	_	NoSpaceAfter
-	O	_	O	_	_	O	_	_	_
danken	O	_	O	_	_	O	_	_	_
und	O	_	O	_	_	O	_	_	_
geistiger	O	_	O	_	_	O	_	_	_
Verwirrung	O	_	O	_	_	O	_	_	_
frei	O	_	O	_	_	O	_	_	_
machen	O	_	O	_	_	O	_	_	_
kann	O	_	O	_	_	O	_	_	NoSpaceAfter
.	O	_	O	_	_	O	_	_	EndOfSentence
615	O	_	O	_	_	O	_	_	NoSpaceAfter
.	O	_	O	_	_	O	_	_	_
εὕρηται	O	_	O	_	_	O	_	_	NoSpaceAfter
,	O	_	O	_	_	O	_	_	_
γεγένηται	O	_	O	_	_	O	_	_	NoSpaceAfter
.	O	_	O	_	_	O	_	_	EndOfSentence
616	O	_	O	_	_	O	_	_	NoSpaceAfter
.	O	_	O	_	_	O	_	_	_
ἔργα	O	_	O	_	_	O	_	_	_
χεροῖν	O	_	O	_	_	O	_	_	NoSpaceAfter
,	O	_	O	_	_	O	_	_	_
gleichsam	O	_	O	_	_	O	_	_	_
ein	O	_	O	_	_	O	_	_	_
Wort	O	_	O	_	_	O	_	_	NoSpaceAfter
,	O	_	O	_	_	O	_	_	_
χειρουργήματα	O	_	O	_	_	O	_	_	NoSpaceAfter
.	O	_	O	_	_	O	_	_	EndOfSentence
621	O	_	O	_	_	O	_	_	NoSpaceAfter
.	O	_	O	_	_	O	_	_	_
ἔπεσε	O	_	O	_	_	O	_	_	NoSpaceAfter
,	O	_	O	_	_	O	_	_	_
ἐν	O	_	O	_	_	O	_	_	_
ὀλιγωρίᾳ	O	_	O	_	_	O	_	_	_
ἐστὶ	O	_	O	_	_	O	_	_	_
παρὰ	O	_	O	_	_	O	_	_	_
τοῖς	O	_	O	_	_	O	_	_	_
᾿Ατρείδαις	O	_	O	_	_	O	_	_	NoSpaceAfter
.	O	_	O	_	_	O	_	_	_
Schol	B-scope	_	O	_	_	O	_	_	NoSpaceAfter
.	I-scope	_	O	_	_	O	_	_	_
Vgl	O	_	O	_	_	O	_	_	NoSpaceAfter
.	O	_	O	_	_	O	_	_	_
924	B-scope	_	B-scope	_	_	O	_	_	NoSpaceAfter|LED0.00
.	O	_	O	_	_	O	_	_	EndOfSentence
622	O	_	O	_	_	O	_	_	NoSpaceAfter
.	O	_	O	_	_	O	_	_	_
παλαιᾷ	O	_	O	_	_	O	_	_	_
ἔντρ	O	_	O	_	_	O	_	_	NoSpaceAfter
.	O	_	O	_	_	O	_	_	_
(	O	_	O	_	_	O	_	_	NoSpaceAfter
ἐνοῦσα	O	_	O	_	_	O	_	_	NoSpaceAfter
,	O	_	O	_	_	O	_	_	_
0	O	_	B-work.primlit	_	_	O	Q294001	_	InPrimaryReference|NoSpaceAfter|LED0.20
.	O	_	I-work.primlit	_	_	O	Q294001	_	InPrimaryReference|LED0.20
C	O	_	I-work.primlit	_	_	O	Q294001	_	InPrimaryReference|NoSpaceAfter|LED0.20
.	O	_	I-work.primlit	_	_	O	Q294001	_	InPrimaryReference|LED0.20
1362	O	_	B-scope	_	_	O	_	_	InPrimaryReference|NoSpaceAfter|LED0.00
.	O	_	O	_	_	O	_	_	_
Vgl	O	_	O	_	_	O	_	_	NoSpaceAfter
.	O	_	O	_	_	O	_	_	_
639	O	_	B-scope	_	_	O	_	_	InPrimaryReference|LED0.00
σύντροφος	O	_	O	_	_	O	_	_	NoSpaceAfter
)	O	_	O	_	_	O	_	_	_
ἁμέρᾳ	O	_	O	_	_	O	_	_	NoSpaceAfter
,	O	_	O	_	_	O	_	_	_
wie	O	_	O	_	_	O	_	_	_
508	O	_	B-scope	_	_	O	_	_	InPrimaryReference|LED0.00
πολλῶν	O	_	O	_	_	O	_	_	_
ἐτῶν	O	_	O	_	_	O	_	_	_
κληροῦχος	O	_	O	_	_	O	_	_	NoSpaceAfter
,	O	_	O	_	_	O	_	_	_
d	O	_	O	_	_	O	_	_	NoSpaceAfter
.	O	_	O	_	_	O	_	_	_
h	O	_	O	_	_	O	_	_	NoSpaceAfter
.	O	_	O	_	_	O	_	_	_
πολυετής	O	_	O	_	_	O	_	_	NoSpaceAfter
.	O	_	O	_	_	O	_	_	EndOfSentence
500	O	_	B-work.primlit	_	_	O	Q294001	_	InPrimaryReference|NoSpaceAfter|Partial-2:3|LED0.20
.	O	_	I-work.primlit	_	_	O	Q294001	_	InPrimaryReference|LED0.20
C	O	_	I-work.primlit	_	_	O	Q294001	_	InPrimaryReference|NoSpaceAfter|LED0.20
.	O	_	I-work.primlit	_	_	O	Q294001	_	InPrimaryReference|NoSpaceAfter|LED0.20
1215	O	_	B-scope	_	_	O	_	_	InPrimaryReference|LED0.00
αἱ	O	_	O	_	_	O	_	_	_
μαχραὶ	O	_	O	_	_	O	_	_	_
ἁμέραι	O	_	O	_	_	O	_	_	NoSpaceAfter
,	O	_	O	_	_	O	_	_	_
das	B-work	_	O	_	_	O	_	_	_
lange	I-work	_	O	_	_	O	_	_	_
Menschenleben	I-work	_	O	_	_	O	_	_	NoSpaceAfter
,	O	_	O	_	_	O	_	_	_
wie	O	_	O	_	_	O	_	_	_
νέος	O	_	O	_	_	O	_	_	_
ἡμέρα	O	_	O	_	_	O	_	_	_
=	O	_	O	_	_	O	_	_	_
νεότης	O	_	O	_	_	O	_	_	_
Eur	O	_	B-pers.author	_	_	O	Q48305	_	InPrimaryReference|NoSpaceAfter|LED0.00
.	O	_	I-pers.author	_	_	O	Q48305	_	InPrimaryReference|LED0.00
Ion	O	_	B-work.primlit	_	_	O	Q614607	_	InPrimaryReference|LED0.00
120	O	_	B-scope	_	_	O	_	_	InPrimaryReference|NoSpaceAfter|LED0.00
.	O	_	O	_	_	O	_	_	EndOfSentence
625	O	_	O	_	_	O	_	_	NoSpaceAfter
.	O	_	O	_	_	O	_	_	_
λευκῷ	O	_	O	_	_	O	_	_	_
τε	O	_	O	_	_	O	_	_	_
γήραι	O	_	O	_	_	O	_	_	NoSpaceAfter
,	O	_	O	_	_	O	_	_	_
λευ	O	_	O	_	_	O	_	_	NoSpaceAfter
-	O	_	O	_	_	O	_	_	_
καίνοντε	O	_	O	_	_	O	_	_	_
τὰς	O	_	O	_	_	O	_	_	_
τρίχας	O	_	O	_	_	O	_	_	NoSpaceAfter
,	O	_	O	_	_	O	_	_	_
cano	O	_	O	_	_	O	_	_	_
senio	O	_	O	_	_	O	_	_	NoSpaceAfter
.	O	_	O	_	_	O	_	_	EndOfSentence
Das	O	_	O	_	_	O	_	_	_
handschriftliche	O	_	O	_	_	O	_	_	_
δέ	O	_	O	_	_	O	_	_	_
statt	O	_	O	_	_	O	_	_	_
re	O	_	O	_	_	O	_	_	_
wäre	O	_	O	_	_	O	_	_	_
nur	O	_	O	_	_	O	_	_	_
möglich	O	_	O	_	_	O	_	_	NoSpaceAfter
,	O	_	O	_	_	O	_	_	_
wenn	O	_	O	_	_	O	_	_	_
ein	O	_	O	_	_	O	_	_	_
zwei	O	_	O	_	_	O	_	_	NoSpaceAfter
-	O	_	O	_	_	O	_	_	_
tes	O	_	O	_	_	O	_	_	_
Prädikat	O	_	O	_	_	O	_	_	_
einträte	O	_	O	_	_	O	_	_	NoSpaceAfter
,	O	_	O	_	_	O	_	_	_
etwa	O	_	O	_	_	O	_	_	_
λευχὰ	O	_	O	_	_	O	_	_	_
δὲ	O	_	O	_	_	O	_	_	_
γήραι	O	_	O	_	_	O	_	_	NoSpaceAfter
,	O	_	O	_	_	O	_	_	_
wie	O	_	O	_	_	O	_	_	_
Eur	O	_	B-pers.author	_	_	O	Q48305	_	InPrimaryReference|NoSpaceAfter|LED0.00
.	O	_	I-pers.author	_	_	O	Q48305	_	InPrimaryReference|LED0.00
Herc	O	_	B-work.primlit	_	_	O	Q1233835	_	InPrimaryReference|NoSpaceAfter|LED0.00
.	O	_	I-work.primlit	_	_	O	Q1233835	_	InPrimaryReference|LED0.00
Fur	O	_	I-work.primlit	_	_	O	Q1233835	_	InPrimaryReference|NoSpaceAfter|LED0.00
.	O	_	I-work.primlit	_	_	O	Q1233835	_	InPrimaryReference|LED0.00
910	O	_	B-scope	_	_	O	_	_	InPrimaryReference|LED0.00
λευχὰ	O	_	O	_	_	O	_	_	_
γήραι	O	_	O	_	_	O	_	_	_
σώματα	O	_	O	_	_	O	_	_	NoSpaceAfter
.	O	_	O	_	_	O	_	_	EndOfSentence
627	O	_	O	_	_	O	_	_	NoSpaceAfter
.	O	_	O	_	_	O	_	_	_
Die	O	_	O	_	_	O	_	_	_
Mutter	O	_	O	_	_	O	_	_	_
wird	O	_	O	_	_	O	_	_	_
nicht	O	_	O	_	_	O	_	_	_
ein	O	_	O	_	_	O	_	_	_
sanftklagendes	O	_	O	_	_	O	_	_	NoSpaceAfter
,	O	_	O	_	_	O	_	_	_
schmelzendes	O	_	O	_	_	O	_	_	_
Lied	O	_	O	_	_	O	_	_	_
der	O	_	O	_	_	O	_	_	_
Nachtigall	O	_	O	_	_	O	_	_	_
(	O	_	O	_	_	O	_	_	NoSpaceAfter
El	B-work	_	B-work.primlit	_	_	O	Q733444	_	InPrimaryReference|NoSpaceAfter|LED0.00
.	I-work	_	I-work.primlit	_	_	O	Q733444	_	InPrimaryReference|LED0.00
147	B-scope	_	B-scope	_	_	O	_	_	InPrimaryReference|LED0.00
ff	I-scope	_	I-scope	_	_	O	_	_	InPrimaryReference|NoSpaceAfter|LED0.00
.	I-scope	_	I-scope	_	_	O	_	_	InPrimaryReference|NoSpaceAfter|LED0.00
)	O	_	O	_	_	O	_	_	_
anstim	O	_	O	_	_	O	_	_	NoSpaceAfter
-	O	_	O	_	_	O	_	_	_
men	O	_	O	_	_	O	_	_	NoSpaceAfter
,	O	_	O	_	_	O	_	_	_
sondern	O	_	O	_	_	O	_	_	_
αἵλινον	O	_	O	_	_	O	_	_	_
αἴλινον	O	_	O	_	_	O	_	_	_
er	O	_	O	_	_	O	_	_	NoSpaceAfter
-	O	_	O	_	_	O	_	_	_
schallen	O	_	O	_	_	O	_	_	_
lassen	O	_	O	_	_	O	_	_	_
und	O	_	O	_	_	O	_	_	_
im	O	_	O	_	_	O	_	_	_
wilden	O	_	O	_	_	O	_	_	_
Schmerz	O	_	O	_	_	O	_	_	_
die	O	_	O	_	_	O	_	_	_
Brust	O	_	O	_	_	O	_	_	_
sich	O	_	O	_	_	O	_	_	_
zerschlagen	O	_	O	_	_	O	_	_	NoSpaceAfter
,	O	_	O	_	_	O	_	_	_
das	O	_	O	_	_	O	_	_	_
Haar	O	_	O	_	_	O	_	_	_
zerraufen	O	_	O	_	_	O	_	_	NoSpaceAfter
,	O	_	O	_	_	O	_	_	_
vgl	O	_	O	_	_	O	_	_	NoSpaceAfter
.	O	_	O	_	_	O	_	_	_
El	O	_	B-work.primlit	_	_	O	Q733444	_	InPrimaryReference|NoSpaceAfter|LED0.00
.	O	_	I-work.primlit	_	_	O	Q733444	_	InPrimaryReference|LED0.00
88f	O	_	B-scope	_	_	O	_	_	InPrimaryReference|NoSpaceAfter|LED0.00
.	O	_	I-scope	_	_	O	_	_	EndOfSentence|InPrimaryReference|LED0.00
Mit	O	_	O	_	_	O	_	_	_
αἔλινον	O	_	O	_	_	O	_	_	_
αἴλινον	O	_	O	_	_	O	_	_	_
wird	O	_	O	_	_	O	_	_	_
die	O	_	O	_	_	O	_	_	_
schmerzliche	O	_	O	_	_	O	_	_	_
Todtenklage	O	_	O	_	_	O	_	_	_
allgemein	O	_	O	_	_	O	_	_	NoSpaceAfter
,	O	_	O	_	_	O	_	_	_
dann	O	_	O	_	_	O	_	_	_
im	O	_	O	_	_	O	_	_	_
Gegensatze	O	_	O	_	_	O	_	_	_
zu	O	_	O	_	_	O	_	_	_
dem	O	_	O	_	_	O	_	_	_
γόος	O	_	O	_	_	O	_	_	_
ἀηδόνειος	O	_	O	_	_	O	_	_	_
nochmals	O	_	O	_	_	O	_	_	_
bestimmter	O	_	O	_	_	O	_	_	_
der	O	_	O	_	_	O	_	_	_
herbere	O	_	O	_	_	O	_	_	_
Schmerz	O	_	O	_	_	O	_	_	_
durch	O	_	O	_	_	O	_	_	_
ὀξυτ	O	_	O	_	_	O	_	_	NoSpaceAfter
.	O	_	O	_	_	O	_	_	_
ade	O	_	O	_	_	O	_	_	_
bezeichnet	O	_	O	_	_	O	_	_	NoSpaceAfter
,	O	_	O	_	_	O	_	_	_
vgl	O	_	O	_	_	O	_	_	NoSpaceAfter
.	O	_	O	_	_	O	_	_	_
Ant	O	_	B-work.primlit	_	_	O	Q241077	_	InPrimaryReference|NoSpaceAfter|LED0.00
.	O	_	I-work.primlit	_	_	O	Q241077	_	InPrimaryReference|LED0.00
423	O	_	B-scope	_	_	O	_	_	InPrimaryReference|NoSpaceAfter|LED0.00
.	O	_	O	_	_	O	_	_	EndOfSentence
So	O	_	O	_	_	O	_	_	_
’	O	_	O	_	_	O	_	_	NoSpaceAfter
ent	O	_	O	_	_	O	_	_	NoSpaceAfter
-	O	_	O	_	_	O	_	_	_
steht	O	_	O	_	_	O	_	_	_
eine	O	_	O	_	_	O	_	_	_
bei	O	_	O	_	_	O	_	_	_
Sophokles	O	_	B-pers.author	_	_	O	NIL	_	LED0.00
nicht	O	_	O	_	_	O	_	_	_
sel	O	_	O	_	_	O	_	_	NoSpaceAfter
-	O	_	O	_	_	O	_	_	_
tene	O	_	O	_	_	O	_	_	_
doppelte	O	_	O	_	_	O	_	_	_
Apodosis	O	_	O	_	_	O	_	_	NoSpaceAfter
,	O	_	O	_	_	O	_	_	_
vgl	O	_	O	_	_	O	_	_	NoSpaceAfter
.	O	_	O	_	_	O	_	_	_
840	O	_	B-scope	_	_	O	_	_	InPrimaryReference|NoSpaceAfter|LED0.00
.	O	_	O	_	_	O	_	_	InPrimaryReference
1114	O	_	B-scope	_	_	O	_	_	InPrimaryReference|NoSpaceAfter|LED0.00
.	O	_	O	_	_	O	_	_	_
O	O	_	B-work.primlit	_	_	O	Q294001	_	InPrimaryReference|NoSpaceAfter|LED0.00
.	O	_	I-work.primlit	_	_	O	Q294001	_	InPrimaryReference|LED0.00
C	O	_	I-work.primlit	_	_	O	Q294001	_	InPrimaryReference|NoSpaceAfter|LED0.00
.	O	_	I-work.primlit	_	_	O	Q294001	_	InPrimaryReference|LED0.00
91	O	_	B-scope	_	_	O	_	_	InPrimaryReference|NoSpaceAfter|LED0.00
.	O	_	O	_	_	O	_	_	InPrimaryReference
289	O	_	B-scope	_	_	O	_	_	InPrimaryReference|NoSpaceAfter|LED0.00
.	O	_	O	_	_	O	_	_	InPrimaryReference
775	O	_	B-scope	_	_	O	_	_	InPrimaryReference|NoSpaceAfter|LED0.00
.	O	_	O	_	_	O	_	_	_
Phil	O	_	B-work.primlit	_	_	O	Q1415903	_	InPrimaryReference|NoSpaceAfter|LED0.00
.	O	_	I-work.primlit	_	_	O	Q1415903	_	InPrimaryReference|LED0.00
269	O	_	B-scope	_	_	O	_	_	InPrimaryReference|NoSpaceAfter|LED0.00
.	O	_	O	_	_	O	_	_	_
O0	O	_	B-work.primlit	_	_	O	Q148643	_	InPrimaryReference|NoSpaceAfter|LED0.17
.	O	_	I-work.primlit	_	_	O	Q148643	_	InPrimaryReference|LED0.17
R	O	_	I-work.primlit	_	_	O	Q148643	_	InPrimaryReference|NoSpaceAfter|LED0.17
.	O	_	I-work.primlit	_	_	O	Q148643	_	InPrimaryReference|LED0.17
338	O	_	B-scope	_	_	O	_	_	InPrimaryReference|NoSpaceAfter|LED0.00
.	O	_	O	_	_	O	_	_	_
Ant	O	_	B-work.primlit	_	_	O	Q241077	_	InPrimaryReference|NoSpaceAfter|LED0.00
.	O	_	I-work.primlit	_	_	O	Q241077	_	InPrimaryReference|LED0.00
468	O	_	B-scope	_	_	O	_	_	InPrimaryReference|NoSpaceAfter|LED0.00
.	O	_	O	_	_	O	_	_	EndOfSentence

# hipe2022:original_source = data/preparation/corpus/de/retokenized/sophokle1v3soph_0108.xmi
# hipe2022:license = CC-BY
# hipe2022:language = de
# hipe2022:document_type = commentary
# hipe2022:document_id = sophokle1v3soph_0108
# hipe2022:date = 1853-01-01
# hipe2022:dataset = ajmc
# hipe2022:applicable_columns = TOKEN NE-COARSE-LIT NE-FINE-LIT NE-NESTED NEL-LIT MISC
# ajmc:version = v0.3
# ajmc:title = Sophokles, erklärt
# ajmc:publication_place = Leipzig
# ajmc:publication_date = 1853
# ajmc:page = 108
# ajmc:author = Schneidewin, Friedrich Wilhelm
88	O	_	O	_	_	O	_	_	NoSpaceAfter
.	O	_	O	_	_	O	_	_	_
πανύστατον	O	_	O	_	_	O	_	_	NoSpaceAfter
,	O	_	O	_	_	O	_	_	_
Ant	O	_	B-work.primlit	_	_	O	Q241077	_	InPrimaryReference|NoSpaceAfter|LED0.00
.	O	_	I-work.primlit	_	_	O	Q241077	_	InPrimaryReference|LED0.00
809	O	_	B-scope	_	_	O	_	_	InPrimaryReference|LED0.00
νέατον	O	_	O	_	_	O	_	_	_
φέγγος	O	_	O	_	_	O	_	_	_
λεύσσουσαν	O	_	O	_	_	O	_	_	_
ἀελίου	O	_	O	_	_	O	_	_	NoSpaceAfter
.	O	_	O	_	_	O	_	_	EndOfSentence
801	O	_	O	_	_	O	_	_	NoSpaceAfter
.	O	_	O	_	_	O	_	_	_
χλειναί	O	_	O	_	_	O	_	_	_
hiess	O	_	O	_	_	O	_	_	_
Alhen	O	_	B-loc	_	_	O	Q1524	_	LED0.20
vorzugsweise	O	_	O	_	_	O	_	_	NoSpaceAfter
seit	O	_	O	_	_	O	_	_	_
Pindars	O	_	B-pers.author	_	_	O	Q134929	_	Partial-0:6|LED0.00
χλειναὶ	O	_	O	_	_	O	_	_	_
4	O	_	O	_	_	O	_	_	_
ϑῶναι,	O	_	O	_	_	O	_	_	NoSpaceAfter
δαιμόνιον	O	_	O	_	_	O	_	_	_
πτολίεθρον	O	_	O	_	_	O	_	_	NoSpaceAfter
.	O	_	O	_	_	O	_	_	_
Vgl	O	_	O	_	_	O	_	_	NoSpaceAfter
.	O	_	O	_	_	O	_	_	_
1221	O	_	B-scope	_	_	O	_	_	InPrimaryReference|NoSpaceAfter|LED0.00
.	O	_	O	_	_	O	_	_	EndOfSentence
—	O	_	O	_	_	O	_	_	_
τὸ	O	_	O	_	_	O	_	_	_
σύντρ	O	_	O	_	_	O	_	_	NoSpaceAfter
.	O	_	O	_	_	O	_	_	_
γένος	O	_	O	_	_	O	_	_	NoSpaceAfter
,	O	_	O	_	_	O	_	_	_
die	O	_	O	_	_	O	_	_	_
Athener	O	_	O	_	_	O	_	_	NoSpaceAfter
.	O	_	O	_	_	O	_	_	EndOfSentence
862	O	_	O	_	_	O	_	_	NoSpaceAfter
.	O	_	O	_	_	O	_	_	_
Vgl	O	_	O	_	_	O	_	_	NoSpaceAfter
.	O	_	O	_	_	O	_	_	_
AITE	O	_	B-scope	_	_	O	_	_	InPrimaryReference|NoSpaceAfter|LED0.86
.	O	_	I-scope	_	_	O	_	_	EndOfSentence|LED0.86
S64	O	_	O	_	_	O	_	_	NoSpaceAfter
.	O	_	O	_	_	O	_	_	_
Vgl	O	_	O	_	_	O	_	_	NoSpaceAfter
.	O	_	O	_	_	O	_	_	_
98	B-work	_	B-scope	_	_	O	_	_	InPrimaryReference|NoSpaceAfter|LED0.00
.	O	_	O	_	_	O	_	_	EndOfSentence
Im	O	_	O	_	_	O	_	_	_
folgenden	O	_	O	_	_	O	_	_	_
Verse	O	_	O	_	_	O	_	_	_
aber	O	_	O	_	_	O	_	_	_
die	O	_	O	_	_	O	_	_	_
erste	O	_	O	_	_	O	_	_	_
Person	O	_	O	_	_	O	_	_	NoSpaceAfter
,	O	_	O	_	_	O	_	_	_
vgl	O	_	O	_	_	O	_	_	NoSpaceAfter
.	O	_	O	_	_	O	_	_	_
zu	O	_	O	_	_	O	_	_	_
0	B-work	_	B-work.primlit	_	_	O	_	_	InSecondaryReference|NoSpaceAfter|LED0.00
.	I-work	_	I-work.primlit	_	_	O	_	_	InSecondaryReference|LED0.00
C	I-work	_	I-work.primlit	_	_	O	_	_	InSecondaryReference|NoSpaceAfter|LED0.00
.	I-work	_	I-work.primlit	_	_	O	_	_	InSecondaryReference|LED0.00
6	B-scope	_	B-scope	_	_	O	_	_	InSecondaryReference|NoSpaceAfter|LED0.00
.	I-scope	_	O	_	_	O	_	_	InSecondaryReference
1329	I-scope	_	B-scope	_	_	O	_	_	InSecondaryReference|NoSpaceAfter|LED0.00
.	O	_	O	_	_	O	_	_	EndOfSentence
866	O	_	O	_	_	O	_	_	_
ff	O	_	O	_	_	O	_	_	NoSpaceAfter
.	O	_	O	_	_	O	_	_	_
Die	O	_	O	_	_	O	_	_	_
beiden	O	_	O	_	_	O	_	_	_
Hälften	O	_	O	_	_	O	_	_	_
des	O	_	O	_	_	O	_	_	_
Chors	O	_	O	_	_	O	_	_	_
treffen	O	_	O	_	_	O	_	_	_
nach	O	_	O	_	_	O	_	_	_
vergeblichem	O	_	O	_	_	O	_	_	_
Suchen	O	_	O	_	_	O	_	_	NoSpaceAfter
zusammen	O	_	O	_	_	O	_	_	NoSpaceAfter
.	O	_	O	_	_	O	_	_	EndOfSentence
„	O	_	O	_	_	O	_	_	NoSpaceAfter
Loquuntur	O	_	O	_	_	O	_	_	_
singuli.	O	_	O	_	_	O	_	_	NoSpaceAfter
Sunt	O	_	O	_	_	O	_	_	_
haec	O	_	O	_	_	O	_	_	_
antistrophica	O	_	O	_	_	O	_	_	NoSpaceAfter
,	O	_	O	_	_	O	_	_	_
atque	O	_	O	_	_	O	_	_	NoSpaceAfter
μὲ	O	_	O	_	_	O	_	_	_
in	O	_	O	_	_	O	_	_	_
prima	O	_	O	_	_	O	_	_	_
stropha	O	_	O	_	_	O	_	_	_
duo	O	_	O	_	_	O	_	_	_
primi	O	_	O	_	_	O	_	_	_
hemichorü	O	_	O	_	_	O	_	_	NoSpaceAfter
,	O	_	O	_	_	O	_	_	_
sic	O	_	O	_	_	O	_	_	_
in	O	_	O	_	_	O	_	_	_
anlisiropha	O	_	O	_	_	O	_	_	NoSpaceAfter
duo	O	_	O	_	_	O	_	_	_
alterius	O	_	O	_	_	O	_	_	_
hemichorü	O	_	O	_	_	O	_	_	_
inter	O	_	O	_	_	O	_	_	_
se	O	_	O	_	_	O	_	_	_
colloquunlur	O	_	O	_	_	O	_	_	NoSpaceAfter
:	O	_	O	_	_	O	_	_	_
in	O	_	O	_	_	O	_	_	_
allera	O	_	O	_	_	O	_	_	_
siropha	O	_	O	_	_	O	_	_	_
aulem	O	_	O	_	_	O	_	_	_
uni	O	_	O	_	_	O	_	_	_
secundi	O	_	O	_	_	O	_	_	_
hemichorü	O	_	O	_	_	O	_	_	_
unus	O	_	O	_	_	O	_	_	NoSpaceAfter
-	O	_	O	_	_	O	_	_	NoSpaceAfter
primi	O	_	O	_	_	O	_	_	NoSpaceAfter
,	O	_	O	_	_	O	_	_	_
el	O	_	O	_	_	O	_	_	_
sic	O	_	O	_	_	O	_	_	_
eliam	O	_	O	_	_	O	_	_	_
in	O	_	O	_	_	O	_	_	_
anlisiropha	O	_	O	_	_	O	_	_	NoSpaceAfter
respondet	O	_	O	_	_	O	_	_	NoSpaceAfter
.	O	_	O	_	_	O	_	_	NoSpaceAfter
“	O	_	O	_	_	O	_	_	_
Hermann	O	_	B-pers.author	_	_	O	Q77616	_	NoSpaceAfter|LED0.00
.	O	_	O	_	_	O	_	_	EndOfSentence
866	O	_	O	_	_	O	_	_	NoSpaceAfter
.	O	_	O	_	_	O	_	_	_
Die	O	_	O	_	_	O	_	_	_
Mühe	O	_	O	_	_	O	_	_	NoSpaceAfter
,	O	_	O	_	_	O	_	_	_
den	O	_	O	_	_	O	_	_	_
A	O	_	B-pers.myth	_	_	O	Q172725	_	NoSpaceAfter|LED0.00
.	O	_	I-pers.myth	_	_	O	Q172725	_	LED0.00
aufzusuchen,	O	_	O	_	_	O	_	_	NoSpaceAfter
hat	O	_	O	_	_	O	_	_	_
zu	O	_	O	_	_	O	_	_	_
der	O	_	O	_	_	O	_	_	_
frühern	O	_	O	_	_	O	_	_	_
Noth	O	_	O	_	_	O	_	_	_
mit	O	_	O	_	_	O	_	_	_
ihm	O	_	O	_	_	O	_	_	_
noch	O	_	O	_	_	O	_	_	_
neue	O	_	O	_	_	O	_	_	_
Noth	O	_	O	_	_	O	_	_	_
hinzugefügt,	O	_	O	_	_	O	_	_	NoSpaceAfter
weil	O	_	O	_	_	O	_	_	_
der	O	_	O	_	_	O	_	_	_
Chor	O	_	O	_	_	O	_	_	_
ihn	O	_	O	_	_	O	_	_	_
nicht	O	_	O	_	_	O	_	_	_
gefunden	O	_	O	_	_	O	_	_	NoSpaceAfter
hat	O	_	O	_	_	O	_	_	NoSpaceAfter
.	O	_	O	_	_	O	_	_	EndOfSentence
Die	O	_	O	_	_	O	_	_	_
Parechesis	O	_	O	_	_	O	_	_	NoSpaceAfter
,	O	_	O	_	_	O	_	_	_
bei	O	_	O	_	_	O	_	_	_
allen	O	_	O	_	_	O	_	_	_
dramatischen	O	_	O	_	_	O	_	_	_
Dichtern	O	_	O	_	_	O	_	_	_
beliebt	O	_	O	_	_	O	_	_	NoSpaceAfter
,	O	_	O	_	_	O	_	_	_
malt	O	_	O	_	_	O	_	_	_
das	O	_	O	_	_	O	_	_	_
Lastende	O	_	O	_	_	O	_	_	_
gehäufter	O	_	O	_	_	O	_	_	_
nutzloser	O	_	O	_	_	O	_	_	NoSpaceAfter
Mühe	O	_	O	_	_	O	_	_	NoSpaceAfter
,	O	_	O	_	_	O	_	_	_
vgl	O	_	O	_	_	O	_	_	NoSpaceAfter
.	O	_	O	_	_	O	_	_	_
1197	O	_	B-scope	_	_	O	_	_	InPrimaryReference|NoSpaceAfter|LED0.00
.	O	_	O	_	_	O	_	_	_
Aesch	O	_	B-pers.author	_	_	O	Q40939	_	InPrimaryReference|NoSpaceAfter|LED0.00
.	O	_	I-pers.author	_	_	O	Q40939	_	InPrimaryReference|LED0.00
Pers	O	_	B-work.primlit	_	_	O	Q788458	_	InPrimaryReference|NoSpaceAfter|LED0.00
.	O	_	I-work.primlit	_	_	O	Q788458	_	InPrimaryReference|LED0.00
998	O	_	B-scope	_	_	O	_	_	InPrimaryReference|NoSpaceAfter|LED0.00
:	O	_	O	_	_	O	_	_	_
δόσιν	O	_	O	_	_	O	_	_	_
χαχὰν	O	_	O	_	_	O	_	_	_
χακῶν	O	_	O	_	_	O	_	_	_
χακοῖς	O	_	O	_	_	O	_	_	NoSpaceAfter
.	O	_	O	_	_	O	_	_	_
0	O	_	B-work.primlit	_	_	O	_	_	InSecondaryReference|NoSpaceAfter|LED0.00
.	O	_	I-work.primlit	_	_	O	_	_	InSecondaryReference|LED0.00
R	O	_	I-work.primlit	_	_	O	_	_	InSecondaryReference|NoSpaceAfter|LED0.00
.	O	_	I-work.primlit	_	_	O	_	_	InSecondaryReference|LED0.00
1250	O	_	B-scope	_	_	O	_	_	InSecondaryReference|NoSpaceAfter|LED0.00
:	O	_	O	_	_	O	_	_	_
εἰ	O	_	O	_	_	O	_	_	_
τέκν	O	_	O	_	_	O	_	_	_
ἐκ	O	_	O	_	_	O	_	_	_
τέκνων	O	_	O	_	_	O	_	_	_
τέχοι	O	_	O	_	_	O	_	_	NoSpaceAfter
.	O	_	O	_	_	O	_	_	_
Ennius	O	_	B-pers.author	_	_	O	Q47130	_	NoSpaceAfter|LED0.00
:	O	_	O	_	_	O	_	_	_
Ouidquam	O	_	O	_	_	O	_	_	_
quisquam	O	_	O	_	_	O	_	_	NoSpaceAfter
quoiquam	O	_	O	_	_	O	_	_	_
quod	O	_	O	_	_	O	_	_	_
conveniat	O	_	O	_	_	O	_	_	NoSpaceAfter
,	O	_	O	_	_	O	_	_	_
negel	O	_	O	_	_	O	_	_	NoSpaceAfter
?	O	_	O	_	_	O	_	_	_
Vgl	O	_	O	_	_	O	_	_	NoSpaceAfter
.	O	_	O	_	_	O	_	_	_
zu	O	_	O	_	_	O	_	_	_
0	O	_	B-work.primlit	_	_	O	_	_	InSecondaryReference|NoSpaceAfter|LED0.20
.	O	_	I-work.primlit	_	_	O	_	_	InSecondaryReference|LED0.20
C	O	_	I-work.primlit	_	_	O	_	_	InSecondaryReference|NoSpaceAfter|LED0.20
.	O	_	I-work.primlit	_	_	O	_	_	InSecondaryReference|LED0.20
658	O	_	B-scope	_	_	O	_	_	InSecondaryReference|NoSpaceAfter|LED0.00
.	O	_	O	_	_	O	_	_	EndOfSentence
869	O	_	O	_	_	O	_	_	NoSpaceAfter
.	O	_	O	_	_	O	_	_	_
d	O	_	O	_	_	O	_	_	NoSpaceAfter
.	O	_	O	_	_	O	_	_	NoSpaceAfter
h	O	_	O	_	_	O	_	_	NoSpaceAfter
.	O	_	O	_	_	O	_	_	_
οὐδεὶς	O	_	O	_	_	O	_	_	_
τόπος	O	_	O	_	_	O	_	_	_
ἐπιστώμένος	O	_	O	_	_	O	_	_	NoSpaceAfter
ποιεῖ	O	_	O	_	_	O	_	_	_
μὲ	O	_	O	_	_	O	_	_	_
συμμαϑεῖν	O	_	O	_	_	O	_	_	NoSpaceAfter
,	O	_	O	_	_	O	_	_	_
kein	O	_	O	_	_	O	_	_	_
Ort	O	_	O	_	_	O	_	_	_
hat	O	_	O	_	_	O	_	_	_
Kunde	O	_	O	_	_	O	_	_	_
von	O	_	O	_	_	O	_	_	_
Aias	O	_	B-pers.myth	_	_	O	Q172725	_	NoSpaceAfter|LED0.00
,	O	_	O	_	_	O	_	_	_
so	O	_	O	_	_	O	_	_	EndOfSentence

# hipe2022:original_source = data/preparation/corpus/de/retokenized/sophokle1v3soph_0116.xmi
# hipe2022:license = CC-BY
# hipe2022:language = de
# hipe2022:document_type = commentary
# hipe2022:document_id = sophokle1v3soph_0116
# hipe2022:date = 1853-01-01
# hipe2022:dataset = ajmc
# hipe2022:applicable_columns = TOKEN NE-COARSE-LIT NE-FINE-LIT NE-NESTED NEL-LIT MISC
# ajmc:version = v0.3
# ajmc:title = Sophokles, erklärt
# ajmc:publication_place = Leipzig
# ajmc:publication_date = 1853
# ajmc:page = 116
# ajmc:author = Schneidewin, Friedrich Wilhelm
ich	O	_	O	_	_	O	_	_	_
dich	O	_	O	_	_	O	_	_	_
(	O	_	O	_	_	O	_	_	NoSpaceAfter
durch	O	_	O	_	_	O	_	_	_
meine	O	_	O	_	_	O	_	_	_
Entfernung	O	_	O	_	_	O	_	_	_
nach	O	_	O	_	_	O	_	_	_
Mysien	O	_	B-loc	_	_	O	Q622319	_	NoSpaceAfter|LED0.00
)	O	_	O	_	_	O	_	_	_
verrathen	O	_	O	_	_	O	_	_	_
und	O	_	O	_	_	O	_	_	_
verkauft	O	_	O	_	_	O	_	_	NoSpaceAfter
?	O	_	O	_	_	O	_	_	EndOfSentence
Unterwegs	O	_	O	_	_	O	_	_	_
war	O	_	O	_	_	O	_	_	_
dem	O	_	O	_	_	O	_	_	_
Teukros	O	_	B-pers.myth	_	_	O	Q878184	_	LED0.00
die	O	_	O	_	_	O	_	_	_
Kunde	O	_	O	_	_	O	_	_	_
von	O	_	O	_	_	O	_	_	_
Aias	O	_	B-pers.myth	_	_	O	Q172725	_	NoSpaceAfter|LED0.00
’	O	_	O	_	_	O	_	_	_
Tode	O	_	O	_	_	O	_	_	_
zugekommen	O	_	O	_	_	O	_	_	_
(	O	_	O	_	_	O	_	_	NoSpaceAfter
999	O	_	B-scope	_	_	O	_	_	InPrimaryReference|NoSpaceAfter|LED0.00
)	O	_	O	_	_	O	_	_	NoSpaceAfter
:	O	_	O	_	_	O	_	_	_
nun	O	_	O	_	_	O	_	_	_
macht	O	_	O	_	_	O	_	_	_
er	O	_	O	_	_	O	_	_	_
sich	O	_	O	_	_	O	_	_	_
Vorwürfe	O	_	O	_	_	O	_	_	NoSpaceAfter
,	O	_	O	_	_	O	_	_	_
dass	O	_	O	_	_	O	_	_	_
er	O	_	O	_	_	O	_	_	_
nicht	O	_	O	_	_	O	_	_	_
zugegen	O	_	O	_	_	O	_	_	NoSpaceAfter
gewesen	O	_	O	_	_	O	_	_	NoSpaceAfter
,	O	_	O	_	_	O	_	_	_
um	O	_	O	_	_	O	_	_	_
die	O	_	O	_	_	O	_	_	_
That	O	_	O	_	_	O	_	_	_
zu	O	_	O	_	_	O	_	_	_
verbindern	O	_	O	_	_	O	_	_	NoSpaceAfter
,	O	_	O	_	_	O	_	_	_
vgl	O	_	O	_	_	O	_	_	NoSpaceAfter
.	O	_	O	_	_	O	_	_	_
1006f	O	_	B-scope	_	_	O	_	_	InPrimaryReference|NoSpaceAfter|LED0.00
.	O	_	I-scope	_	_	O	_	_	EndOfSentence|InPrimaryReference|LED0.00
(	O	_	O	_	_	O	_	_	NoSpaceAfter
Die	O	_	O	_	_	O	_	_	_
Lesart	O	_	O	_	_	O	_	_	NoSpaceAfter
der	O	_	O	_	_	O	_	_	_
Bücher	O	_	O	_	_	O	_	_	_
7urröAnzxas	B-work	_	O	_	_	O	_	_	NoSpaceAfter
,	O	_	O	_	_	O	_	_	_
welche	O	_	O	_	_	O	_	_	_
Lobeck	O	_	B-pers.editor	_	_	O	Q84734	_	LED0.00
erklärt	O	_	O	_	_	O	_	_	_
πέπραγας	O	_	O	_	_	O	_	_	NoSpaceAfter
,	O	_	O	_	_	O	_	_	_
habe	O	_	O	_	_	O	_	_	_
ich	O	_	O	_	_	O	_	_	_
mit	O	_	O	_	_	O	_	_	_
Hermanns	O	_	B-pers.editor	_	_	O	Q77616	_	LED0.00
Emendation	O	_	O	_	_	O	_	_	_
vertauscht,	O	_	O	_	_	O	_	_	NoSpaceAfter
da	O	_	O	_	_	O	_	_	_
andere	O	_	O	_	_	O	_	_	_
Erklärungen	O	_	O	_	_	O	_	_	_
so	O	_	O	_	_	O	_	_	_
wenig	O	_	O	_	_	O	_	_	_
als	O	_	O	_	_	O	_	_	_
jene	O	_	O	_	_	O	_	_	_
befriedigen	O	_	O	_	_	O	_	_	NoSpaceAfter
.	O	_	O	_	_	O	_	_	NoSpaceAfter
)	O	_	O	_	_	O	_	_	EndOfSentence
981	O	_	O	_	_	O	_	_	NoSpaceAfter
.	O	_	O	_	_	O	_	_	_
Vgl	B-work	_	O	_	_	O	_	_	NoSpaceAfter
.	I-work	_	O	_	_	O	_	_	_
904	B-scope	_	B-scope	_	_	O	_	_	InPrimaryReference|NoSpaceAfter|LED0.00
.	O	_	O	_	_	O	_	_	EndOfSentence
985	O	_	O	_	_	O	_	_	NoSpaceAfter
.	O	_	O	_	_	O	_	_	_
μόνος	O	_	O	_	_	O	_	_	_
kehrt	B-pers	_	O	_	_	O	_	_	_
trotz	O	_	O	_	_	O	_	_	_
τέκνον	O	_	O	_	_	O	_	_	_
zum	O	_	O	_	_	O	_	_	_
natürlichen	O	_	O	_	_	O	_	_	_
Geschlecht	O	_	O	_	_	O	_	_	_
zurück	O	_	O	_	_	O	_	_	NoSpaceAfter
,	O	_	O	_	_	O	_	_	_
wie	O	_	O	_	_	O	_	_	_
φίλε	O	_	O	_	_	O	_	_	_
τέκνον	O	_	O	_	_	O	_	_	_
Homer	B-pers	_	B-pers.author	_	_	O	Q6691	_	NoSpaceAfter|LED0.00
.	O	_	O	_	_	O	_	_	EndOfSentence
986	O	_	O	_	_	O	_	_	NoSpaceAfter
.	O	_	O	_	_	O	_	_	_
Mit	O	_	O	_	_	O	_	_	_
xev7s	O	_	O	_	_	O	_	_	_
wird	O	_	O	_	_	O	_	_	_
der	O	_	O	_	_	O	_	_	_
Erfolg	O	_	O	_	_	O	_	_	_
des	O	_	O	_	_	O	_	_	_
ἀναρπάσαν	O	_	O	_	_	O	_	_	_
vorweggenommen	O	_	O	_	_	O	_	_	NoSpaceAfter
,	O	_	O	_	_	O	_	_	_
5	O	_	O	_	_	O	_	_	NoSpaceAfter
.	O	_	O	_	_	O	_	_	_
zu	O	_	O	_	_	O	_	_	_
69	O	_	B-scope	_	_	O	_	_	InPrimaryReference|NoSpaceAfter|LED0.00
.	O	_	O	_	_	O	_	_	InPrimaryReference
517	O	_	B-scope	_	_	O	_	_	InPrimaryReference|NoSpaceAfter|LED0.00
.	O	_	O	_	_	O	_	_	_
Ant	O	_	B-work.primlit	_	_	O	Q241077	_	InPrimaryReference|NoSpaceAfter|LED0.00
.	O	_	I-work.primlit	_	_	O	Q241077	_	InPrimaryReference|LED0.00
424	O	_	B-scope	_	_	O	_	_	InPrimaryReference|LED0.00
ὄρνις	O	_	O	_	_	O	_	_	_
x&vis	O	_	O	_	_	O	_	_	NoSpaceAfter
εὐνῆς	O	_	O	_	_	O	_	_	_
νεοσσῶν	O	_	O	_	_	O	_	_	_
ὀρφανὸν	O	_	O	_	_	O	_	_	_
βλέzreı	O	_	O	_	_	O	_	_	NoSpaceAfter
λέχος	O	_	O	_	_	O	_	_	NoSpaceAfter
.	O	_	O	_	_	O	_	_	EndOfSentence
Wie	O	_	O	_	_	O	_	_	_
man	O	_	O	_	_	O	_	_	_
der	O	_	O	_	_	O	_	_	_
Löwin	O	_	O	_	_	O	_	_	_
das	O	_	O	_	_	O	_	_	_
Junge	O	_	O	_	_	O	_	_	_
raubt	O	_	O	_	_	O	_	_	NoSpaceAfter
,	O	_	O	_	_	O	_	_	_
wenn	O	_	O	_	_	O	_	_	_
sie	O	_	O	_	_	O	_	_	_
vom	O	_	O	_	_	O	_	_	_
Lager	O	_	O	_	_	O	_	_	_
fern	O	_	O	_	_	O	_	_	_
ist	O	_	O	_	_	O	_	_	NoSpaceAfter
,	O	_	O	_	_	O	_	_	_
so	O	_	O	_	_	O	_	_	_
möchte	O	_	O	_	_	O	_	_	_
man	O	_	O	_	_	O	_	_	_
den	O	_	O	_	_	O	_	_	_
allein	O	_	O	_	_	O	_	_	_
am	O	_	O	_	_	O	_	_	_
Zelte	O	_	O	_	_	O	_	_	_
zurückgelassenen	O	_	O	_	_	O	_	_	_
Eurysakes	O	_	B-pers.myth	_	_	O	Q1378566	_	LED0.00
rauben	O	_	O	_	_	O	_	_	_
und	O	_	O	_	_	O	_	_	_
wie	O	_	O	_	_	O	_	_	_
die	O	_	O	_	_	O	_	_	_
zurückkehrende	O	_	O	_	_	O	_	_	NoSpaceAfter
Löwin	O	_	O	_	_	O	_	_	_
würden	O	_	O	_	_	O	_	_	_
wir	O	_	O	_	_	O	_	_	_
dann	O	_	O	_	_	O	_	_	_
vergebens	O	_	O	_	_	O	_	_	_
wüthen	O	_	O	_	_	O	_	_	NoSpaceAfter
.	O	_	O	_	_	O	_	_	EndOfSentence

