G	B-org
R	I-org
E	I-org
E	I-org
F	I-org
E	I-org
.	O
1	O
.	O

Le	O
public	O
est	O
averti	O
que	O
Charlotte	B-pers
née	I-pers
Bourgoin	I-pers
,	O
femme	O
-	O
de	O
Joseph	O
Digiez	O
,	O
et	O
Maurice	O
Bourgoin	I-pers
,	O
enfant	O
mineur	O
représenté	O
par	O
le	O
sieur	O
Jaques	O
Charles	O
Gicot	O
son	O
curateur	O
,	O
ont	O
été	O
admis	O
par	O
arrêt	O
du	O
Conseil	O
d	O
'	O
Etat	O
du	O
5	O
décembre	O
1797	O
,	O
à	O
solliciter	O
une	O
renonciation	O
générale	O
et	O
absolue	O
aux	O
biens	O
et	O
aux	O
dettes	O
présentes	O
et	O
futures	O
de	O
Jean	O
-	O
Baptiste	O
Bourgoin	I-pers
leur	O
pe	O
'	O
re	O
,	O
et	O
qu	O
'	O
en	O
conséquence	O
,	O
les	O
susdits	O
enfans	O
,	O
duement	O
assistés	O
et	O
autorisés	O
,	O
se	O
présenteront	O
par	O
-	O
devant	O
ia	O
noble	O
justice	O
du	O
Landeron	O
_	O
,	O
le	O
mer	O
-	O
,	O
credi	O
17	O
janvier	O
courant	O
,	O
pour	O
y	O
porter	O
la	O
prédite	O
renonciation	O
;	O
assignant	O
péremptoirement	O
tous	O
ceux	O
qui	O
estimeraient	O
être	O
'	O
fondés	O
à	O
s	O
'	O
y	O
opposer	O
,	O
à	O
_	O
comparcutre	O
ce	O
jour	O
-	O
là	O
en	O
dite	O
justice	O
,	O
pour	O
hure	O
va	O
_	O
^	O
pir	O
leurs	O
droits	O
et	O
alléguer	O
leurs	O
moyens	O
d	O
'	O
_	O
opposW	O
_	O
|	O
_	O
priS	O
,	O
sou	O
3	O
peine	O
'	O
de	O
forclusion	O
.	O

X	O
.	O
En	O
vertu	O
d	O
'	O
un	O
gracieux	O
arrêt	O
du	O
Gouvernement	O
en	O
date	O
di	O
»	O
3	O
octobre	O
,	O
et	O
ensuite	O
de	O
la	O
direction	O
donnée	O
le	O
35	O
novembre	O
dernier	O
.	O

par	O
l	O
'	O
honorable	O
cour	O
dé	O
justice	O
du	O
Val	O
-	O
de	O
-	O
Travers	O
,	O
:	O
le	O
sieur	O
Daniel	O
Meuron	O
,	O
maïUe	O
charpentier	O
,	O
_	O
bourgeois	O
de	O
Neuchatel	O
,	O
en	O
sa	O
qualité	O
de	O
tuteur	O
juridiquement	O
établi	O
aux	O
.	O

quatre	O
enfans	O
en	O
bas	O
âge	O
de	O
Frédéric	B-pers
-	I-pers
Henri	I-pers
_	I-pers
Lequin	I-pers
de	O
Fleurier	I-pers
et	O
de	O
Marie	B-pers
-	I-pers
Louise	I-pers
Meuron	I-pers
,	O
qui	O
sont	O
nommément	O
,	O
'	O
Jouas	O
Frédéric	O
,	O
Auguste	O
,	O
Alexandre	O
et	O
Louise	O
-	O
Rosalio	O
Lequin	O
,	O
fait	O
savoir	O
qu	O
'	O
il	O
se	O
présentera	O
en	O
dite	O
justice	O
le	O
samedi	O
30	O
janvier	O
courant	O
,	O
pour	O
y	O
solliciter	O
eu	O
faveur	O
de	O
ses	O
susdits	O
pupilles	O
,	O
une	O
renonciation	O
formelle	O
et	O
jiiridique	O
aux	O
bien	O
3	O
et	O
dettes	O
présens	O
et	O
*	O
futurs	O
dudit	O
Frédéric	O
Henri	O
Lequin	O
leur	O
père	O
.	O

En	O
conséquence	O
de	O
quoi	O
tous	O
ceux	O
qui	O
pourraient	O
opposer	O
à	O
ladite	O
renonciation	O
,	O
sont	O
cités	O
péremptoirement	O
à	O
se	O
présenter	O
en	O
justice	O
dudit	O
Val	O
de	O
-	O
Travers	O
1	O
©	O
dit	O
30	O
janvier	O
cornant	O
,	O
_	O
poar	O
y	O
_	O
seuieuir	O
leurs	O
durits	O
,	O
(	O
«	O
14	O
s	O
pain	O
»	O
«	O
la	O
forclusion	O
.	O

AVIS	B-prod
DIVERS	I-prod
.	O

1	B-time
.	O

Les	O
circonstances	O
ttu	O
moment	O
ont	O
engage	O
le	O
Magistrat	O
rie	O
.	O

Neuchatel	B-loc
à	O
renvoyer	O
le	O
tirage	O
de	O
ia	O
première	O
classe	O
dix	O
'	O
neuvième	O
Loterie	O
à	O
une	O
époque	O
plus	O
favorable	O
,	O
ce	O
dont	O
on	O
aura	O
soin	O
d	O
'	O
informer	O
le	O
public	O
par	O
des	O
bulletins	O
impri	O
'	O
mes	O
qui	O
seront	O
délivrés	O
par	O
les	O
Collecteurs	O
à	O
tous	O
les	O
intéressés	O
.	O

g	O
.	O

'	O
Tous	O
les	O
créanciers	O
à	O
la	O
masse	O
des	O
biens	O
du	O
nommé	O
Jean	B-pers
'	I-pers
"	I-pers
Fréderic	I-pers
/	O
Stnuffer	I-pers
,	O
meunier	O
aux	O
moulins	O
de	O
la	O
Prise	O
,	O
sont	O
avisés	O
.	O
que	O
M	O
.	O
le	O
maire	O
a	O
fixé	O
la	O
journée	O
pour	O
procéder	O
aux	O
_	O
collocatlons	O
au	O
vendredi	O
16	O
février	O
courant	O
,	O
en	O
conséquence	O
de	O
quoi	O
ils	O
sont	O
cités	O
à	O
se	O
présenter	O
ce	O
jour	O
là	O
à	O
neuf	O
heures	O
"	O
dû	O
matin	O
dans	O
l	O
'	O
hôtel	O
-	O
de	O
-	O
ville	O
,	O
,	O
.	O

,	O
.	O

,	O
37'<pers>Les	O
'	O
Les	O
'	O
sœurs	O
_	O
Gendre	I-pers
ayant	O
entiepriE	O
,	O
l	O
'	O
établissement	O
en	O
pâtisserie	O
que	O
tenoit	O
feu	O
Mlle	O
.	O

Eckard	B-pers
à	O
la	O
rue	B-loc
des	I-loc
Moulins	I-loc
,	O
avisent	O
lé	O
public	O
qu	O
'	O
elles	O
le	O
tiendront	O
sur	O
le	O
même	O
pied	O
que	O
ladite	O
demoiselle	O
Eckard	O
.	O

Elles	O
osent	O
se	O
flatter	O
que	O
les	O
p	O
ersonnes	O
qui	O
voudront	O
bien	O
les	O
honorer	O
de	O
leur	O
confianceauront	O
lieu	O
d	O
'	O
être	O
satisfaites	O
à	O
tous	O
égards	O
.	O

.	O

4	B-time
.	O
,	O
Un	O
bourgeois	O
de	O
cette	O
ville	O
,	O
connu	O
avantageusement	O
par	O
ses	O
bonnesi	O
mœurs	O
et	O
conduite	O
,	O
desireroit	O
nouver	O
une	O
petite	O
auberge	O
a	O
louer	O
,	O
ou	O
un	O
emplacement	O
propre	O
à	O
un	O
vendage	O
de	O
vin	O
;	O
ou	O
encore	O
'	O
un	O
jardin	O
avec	O
logement	O
,	O
où	O
!	O
l	O
'	O
on	O
pût	O
tenir	O
un	O
quilier	O
.	O

S	O
'	O
adresser	O
au	O
bureau	O
d	O
'	O
avis	O
.	O

'	O
;	O

5	B-time
.	I-time
Mercredi	I-time
7	I-time
du	O
courant	O
,	O
on	O
a	O
trouvé	O
un	O
paquet	O
de	O
toile	O
sur	O
lé	O
Crêt	O
.	O

La	O
_	O
personne	B-pers
qui	O
l	O
'	O
a	O
perdu	O
apprendra	O
au	O
bureau	O
d	O
'	O
avis	O
le	O
nom	O
de	O
celle	O
-	O
qui	O
l	O
'	O
a	O
trouvé	O
.	O

,	O

6	O
.	O
Oh	B-pers
demande	O
une	O
fille	O
qui	O
sache	O
fane	O
un	O
bon	O
ordinaire	O
et	O
soigner	O
des	O
enfans	O
,	O
qui	O
aye	O
bonne	O
conduite	O
.	O

Elle	O
pourrait	O
'	O
entrer	O
en	O
place	O
dés	O
à	O
présent	O
.	O

S	O
'	O
adr	O
.	O

au	O
bureau	B-org
d	O
'	O
avis	O
.	O

7	B-time
.	O
'	O
Far	O
due	O
permission	O
,	O
vendredi	O
17	O
du	O
courant	O
,	O
à	O
9	O
heures	O
du	O
matin	O
,	O
on	O
exposera	O
en	O
montes	O
dans	O
l	O
'	O
antï	O
-	O
chambre	O
de	O
lé	O
salle	O
du	O
Concert	O
,	O
divers	O
meubles	O
,	O
la	O
plupart	O
en	O
bon	O
état	O
,	O
tels	O
que	O
'	O
buffets	O
,	O
lits	O
,	O
matelas	O
,	O
batterie	O
de	O
cuisine	O
,	O
vieux	O
étain	O
,	O
etc	O
.	O
8	O
.	O

Le	O
lendemain	O
de	O
la	O
prestation	O
des	O
sermens	O
à	O
Neuchatel	B-loc
i	O
on	O
a	O
trouvé	O
un	O
chien	O
d	O
'	O
arrêt	O
.	O

La	O
personne	O
à	O
qui	O
il	O
appartient	O
peut	O
le	O
réclamer	O
chez	O
Jean	B-pers
-	I-pers
Frédéric	I-pers
Borel	I-pers
,	O
maître	O
charpentier	O
à	O
Couve	O
t	O
.	O

'	O
-	O
,	O
g	O
.	O

Dans	O
une	O
maison	O
de	O
cette	O
ville	B-loc
on	O
demande	O
une	O
jeune	O
.	O

fille	O
de	O
bonne	O
conduite	O
et	O
de	O
bonnes	O
mœurs	O
,	O
pour	O
soigner	O
un	O
enfant	O
.	O

S	O
'	O
adr	O
.	O

au	O
"<org>bureau	O
bureau	O
d	O
'	O
avis	O
.	O

10	B-time
.	O
M	O
.	O
Rougemont	O
,	O
commissaire	O
général	O
,	O
demande	O
à	O
acheter	O
des	O
bosses	O
à	O
char	O
et	O
des	O
bollers	O
de	O
diverses	O
grandeurs	O
.	O

11	B-time
.	O
M	O
.	O
Fa	O
vre	O
,	O
négociant	O
sur	O
la	O
place	O
,	O
a	O
reçu	O
e	O
j	O
.	O

commission	O
de	O
la	O
graine	B-prod
de	O
.	O

tre	O
lie	O
nouvelle	O
,	O
qu	O
'	O
il	O
offre	O
en	O
gros	O
et	O
en	O
détail	O
-	O
à	O
un	O
prix	O
modique	O
.	O

£	O
2	O
.	O
Le	O
sieur	O
Quartier	O
_	O
^	O
instituteur	O
,	O
s	O
'	O
étant	O
décidé	O
d	O
'	O
aller	O
passer	O
tout	O
au	O
moins	O
l	O
'	O
été	O
prochain	O
à	O
la	O
campagne	O
,	O
invite	O
les	O
)	O
personnes	O
qui	O
voudraient	O
se	O
pourvoir	O
chez	O
lui	O
d	O
'	O
encre	O
et	O
.	O

de	O
plumes	O
taillées	O
,	O
de	O
s	O
'	O
annoncer	O
au	O
plutôt	O
.	O

Il	O
lui	O
reste	O
quelques	O
papiers	O
,	O
tant	O
de	O
poste	O
qu	O
'	O
autres	O
de	O
différens	O
formats	O
,	O
dont	O
il	O
veut	O
se	O
dèiaire	O
,	O
et	O
qu	O
'	O
il	O
cédera	O
pendant	O
la	O
foire	O
au	O
dessous	O
du	O
prix	O
coûtant	O
.	O

Ï	O
3	O
.	O
On	O
demande	O
pour	O
le	O
commencement	O
de	O
mars	O
,	O
une	O
servante	O
qui	O
sache	O
coudre	O
et	O
travailler	O
dans	O
un	O
jardin	O
.	O

S	O
'	O
adr	O
.	O

au	O
bureau	B-org
d	O
'	O
avis	O
.	O

'	B-time
14	I-time
.	O

Le	O
«	O
5	B-time
janvier	I-time
dernier	O
,	O
on	O
a	O
trouvé	O
de	O
Neuchatel	O
à	O
_	O
Chaumont	O
,	O
un	O
petit	O
chien	O
noir	O
.	O

La	O
personne	O
à	O
laquelle	O
il	O
appartient	O
peut	O
ie	O
réclamer	O
chtz	O
Jean	B-pers
Pierre	I-pers
Baxdet	I-pers
.	O

Le	O
même	O
est	O
toujours	O
assorti	O
de	O
toutes	O
sortes	O
de	O
boisselages	O
,	O
seilles	O
à	O
tau	O
,	O
boues	O
à	O
tonneaux	O
et	O
coupons	O
pour	O
mettre	O
iapâteau	O
four	O
.	O

i	O
5	O
.	O
La	O
noble	O
Compagnie	O
des	O
Marchands	O
de	O
Neuchatel	O
offre	O
à	O
prête	O
/	O
une	O
somme	O
de	O
L	O
.	O
1400	O
d	O
'	O
ici	O
.	O

Les	O
personnes	O
àqui	O
elle	O
pourrait	O
convenir	O
,	O
peuvent	O
s	O
'	O
adresser	O
à	O
M	O
.	O
Henri	O
Gigaud	O
,	O
membre	O
du	O
petit	O
Conseti	O
;	O
son	O
procureur	O
,	O
soit	O
à	O
M	O
.	O
Ghatenay	O
du	O
grand	O
Conseil	O
,	O
son	O
receveur	O
,	O
ou	O
à	O
M	O
.	O
le	O
greffier	O
Péter	O
,	O
son	O
secrétaire	O
,	O
eu	O
présentant	O
leurs	O
sûretés	O
.	O

m	O
_	O
'	O
¦	O
'	O
—	O
"	O
.	O
.	O
'	O
i	O
-	O
i	O
'	O
i	O
'	O
—	O
'	O
i	O
m	O
Nota	O
.	O
Les	O
Avis	O
à	O
insérer	O
dans	O
cette	O
Feuille	O
,	O
qui	O
ne	O
seront	O
pas	O
remis	O
au	O
Bureau	O
le	O
Mardi	O
matin	O
,	O
à	O
neuf	O
-	O
heures	O
au	O
plus	O
tard	O
,	O
seront	O
renvoyés	O
irrévocablement	O
à	O
l	O
'	O
ordinaire	O
prochain	O
_	O
.	O
ARTICLES	O
OFFICIELS	O
.	O
k	O
.	O
Le	O
public	O
est	O
informé	O
,	O
qu	O
'	O
au	O
bénéfice	O
d	O
'	O
un	O
gracieux	O
arrêt	O
de	O
la	O
Seigneurie	O
,	O
"	O
et	O
d	O
'	O
une	O
sentence	O
de	O
direction	O
de	O
l	O
'	O
honorable	O
Justice	O
de	O
la	O
Chaux	O
-	O
de	O
-	O
Fonds	O
,	O
le	O
tuteur	O
et	O
les	O
parens	O
des	O
enfans	O
'	O
de	O
Henri	O
Jean	O
-	O
Maire	O
,	O
se	O
présenteront	O
en	O
cour	O
de	O
Justice	O
de	O
la	O
dite	O
Chaùx	O
-	O
de	O
-	O
Fonds	O
,	O
le	O
Mardi	O
_	O
s	O
_	O
?	O

o	O
.	O

Septembre	B-time
courant	O
,	O
au	O
plaid	O
ordinaire	O
,	O
aux	O
lieu	O
et	O
heure	O
accoutumés	O
,	O
ponr	O
postuler	O
au	O
nom	O
des	O
enfans	O
nés	O
et	O
à	O
naître	O
du	O
dit	O
Henri	O
Jean	O
-	O
Maire	O
et	O
de	O
Reine	O
née	O
Robert	O
-	O
Nicoud	O
,	O
mari	O
et	O
femme	O
,	O
une	O
renonciation	O
formelle	O
et	O
juridique	O
aux	O
biens	O
et	O
dettes	O
présens	O
et	O
futurs	O
,	O
de	O
leurs	O
dits	O
père	O
et	O
mère	O
.	O

C	O
'	O
est	O
pourquoi	O
tous	O
les	O
créanciers	O
de	O
ces	O
derniers	O
q	O
ui	O
croiront	O
.	O

avoir	O
des	O
moyens	O
d	O
'	O
opposition	O
à	O
apporter	O
à	O
la	O
dite	O
demande	O
eh	O
renonciation	O
,	O
pourront	O
s	O
'	O
y	O
présenter	O
et	O
Faire	O
valoir	O
leurs	O
droits	O
,	O
ainsi	O
et	O
comme	O
mieux	O
leur	O
conviendra	O
,	O
sous	O
peine	O
de	O
forclusion	O
.	O

*	O
Greffe	B-loc
de	I-loc
la	I-loc
Chaux	I-loc
-	I-loc
de	I-loc
Fonds	I-loc
.	O

jft	O
.	O

Le	O
Gouvernement	O
ayant	O
concède	O
à	O
Henriette	B-pers
,	O
fille	O
de	O
feu	O
le	O
sieur	O
cap	O
itaine	O
-	O
lieutenant	O
Jaques	O
Henri	O
Boûrquin	O
,	O
veuve	O
de	O
Jacob	O
fils	O
de	O
Jaques	O
Guye	O
,	O
des	O
Verrières	O
_	O
,	O
résidante	O
et	O
paroissienne	O
de	O
la	O
Cote	O
-	O
aux	O
-	O
Fées	O
,	O
de	O
mettre	O
ses	O
biens	O
en	O
décret	O
;	O
tous	O
,	O
ses	O
sieurs	O
créanciers	O
sont	O
dès	O
là	O
requis	O
de	O
se	O
rencontrer	O
aux	O
dites	O
Verrières	O
,	O
au	O
siège	O
de	O
Justice	O
,	O
par	O
-	O
devant	O
M	O
.	O
Charles	O
Cousandièr	O
,	O
"	O
maire	O
du	O
dit	O
lieu	O
,	O
et	O
,	O
les	O
sieurs	O
Egaleurs	O
par	O
lui	O
nommés	O
,	O
le	O
Lundi	O
Cinq	O
Septembre	O
prochain	O
,	O
munis	O
de	O
leurs	O
_	O
tiires	O
et	O
prétentions	O
,	O
afin	O
d	O
'	O
être	O
inscrits	O
et	O
ensuite	O
colloques	O
selon	O
leurs	O
"	O
rangs	O
"	O
et	O
dafëS	O
7	O
"	O
"	O
S	O
0	O
Trs	O
-	O
"	O
peme	O
ut	O
;	O
forclusion	O
.	O

Donne	O
par	O
ordonnance	O
au	O
greffe	O
des	O
Verrières	B-loc
,	O
le	O
i	O
5	O
Août	O
1	O
S	O
08	O
.	O

-	O
,	O
H	O
.	O

-	O
F	B-pers
.	O

JEAHJAQUET	B-pers
,	O
greffier	O
.	O

_	O
£	B-prod
.	O

Le	O
public	O
est	O
informé	O
,	O
que	O
le	O
sieur	O
Charles	O
-	O
Henri	O
vêpre	O
,	O
et	O
la	O
demoiselle	O
Julie	O
-	O
Valérie	O
Bonvêpre	O
,	O
fils	O
et	O
fille	O
de	O
feu	O
M	O
.	O
Charles	O
-	O
Guillaume	O
Bonvêpre	O
,	O
membre	O
du	O
Grand	O
-	O
Conseil	O
et	O
hôpitalier	O
,	O
et	O
de	O
la	O
damé	O
Susanne	O
Petitpierre	O
,	O
sa	O
veuve	O
,	O
bourgeoise	O
de	O
Neuchatel	O
,	O
ont	O
¦	O
été	O
admis	O
par	O
arrêt	O
du	O
Conseil	O
d	O
'	O
Etat	O
en	O
date	O
du	O
5	O
Juil	O
-	O
.	O

let	O
dernier	O
,	O
à	O
postuler	O
une	O
renonciation	O
formelle	O
et	O
ridique	O
aux	O
"	O
biens	O
et	O
dettes	O
présentes	O
et	O
futures	O
de	O
leurs	O
dits	O
père	O
et	O
mère	O
.	O

En	O
conséquence	O
ils	O
se	O
présenteront	O
par	O
-	O
devant	O
la	O
noble	O
Cour	O
-	O
de	O
-'<loc>Justice	O
'	O
Justice	O
de	O
.	O
Neuchatel	I-loc
,	O
qui	O
sera	O
assemblée	O
dans	O
l	O
'	O
hôtel	O
-	O
de	O
cette	O
ville	O
,	O
le	O
Vendredi	O
S	O
3	O
Septembre	O
courant	O
,	O
à	O
l	O
'	O
heure	O
ordinaire	O
du	O
plaid	O
,	O
jour	O
auquel	O
tous	O
ceux	O
qui	O
pourraient	O
opposer	O
à	O
la	O
dite	O
demande	O
en	O
renonciation	O
,	O
spntjpéremptoiiement	O
assignés	O
à	O
se	O
présenter	O
en	O
dite	O
Justice	O
,	O
pour	O
y	O
soutenir	O
leurs	O
droits	O
,	O
à	O
peine	O
de	O
forclusion	O
.	O
Greffe	O
de	O
Neuchatel	I-loc
.	O
_	O
£	O
.	O
La	O
succession	O
de	O
feu	O
l	O
'	O
ancien	O
d	O
'	O
é	O
glise	O
Jonas	O
Bes	O
6	O
on	O
,	O
d	O
'	O
Engolon	O
,	O
ayant	O
.	O

été	O
déclaréqjacente	O
à	O
la	O
Seigneurie	O
.	O

liquidation	O
en	O
a	O
été	O
ordonnée	O
et	O
fixée	O
au	O
Vendredi	B-time
8	I-time
Septemb	I-time
.	O

<	O
e	O
courant	O
.	O

Et	O
Henri	B-pers
Favre	I-pers
,	O
de	O
Villard	O
_	O
,	O
et	O
sa	O
femme	O
Jeanne	O
-	O
Marie	O
née	O
Morel	O
,	O
veuve	O
de	O
Jean	O
-	O
Daniel	O
Favre	I-pers
,	O
ayant	O
'	O
obtenu	O
la	O
discussion	O
de	O
leurs	O
biens	O
,	O
pour	O
satisfaire	O
à	O
leurs	O
dettes	O
,	O
qui	O
a	O
aussi	O
été	O
_	O
firfe	O
au	O
Mercredi	O
7	O
du	O
dit	O
mois	O
:	O
Tous	O
créanciers	O
quelcçtiqnes	O
de	O
ces	O
deux	O
masses	O
,	O
compris	O
ceux	O
de	O
celle	O
à	O
la	O
_	O
stfsdite	O
veuve	O
du	O
chef	O
de	O
son	O
premier	O
mari	O
,	O
sont	O
requis	O
%	O
è	O
se	O
présenter	O
_	O
Jes	O
jours	O
sus	O
-	O
indiqués	O
,	O
devant	O
M	O
.	O
le	O
Maire	O
de	O
Valangin	O
,	O
et	O
M	O
.	O
les	O
égaleurs	O
nommés	O
,	O
vers	O
les	O
huit	O
heures	O
du	O
matin	O
,	O
afin	O
de	O
faire	O
valoir	O
leurs	O
prétentions	O
,	O
et	O
se	O
colloqùer	O
selon	O
droit	O
,	O
_	O
BOOB	O
peine	O
de	O
forclusion	O
.	O

Greffe	B-loc
de	I-loc
Valangin	I-loc
.	O

>	O
5	O
.	O
Marianne	O
Perrenoud	O
,	O
de	O
la	O
Sagne	O
,	O
fille	O
de	O
feu	O
Jacob	O
Perrenoud	O
,	O
et	O
de	O
Judith	O
née	O
Jaquet	O
,	O
morte	O
le	O
27	O
Juillet	O
,	O
c	O
-	O
t	O
enterrée	O
le	O
29	O
du	O
même	O
mois	O
à	O
_	O
.	O

Neuchatel	B-loc
,	O
ayant	O
par	O
son	O
testament	O
du	O
7	O
Août	O
179	O
8	O
,	O
appelle	O
comme	O
héritiers	O
de	O
ses	O
biens	O
,	O
ses	O
parens	O
issus	O
de	O
germains	O
,	O
en	O
disant	O
:	O
„	O
Je	O
crée	O
et	O
institue	O
pour	O
mes	O
seuls	O
et	O
uniques	O
„	O
héritiers	O
.	O

en	O
tous	O
mes	O
biens	O
,	O
mes	O
cousins	O
et	O
cousines	O
„	O
remués	O
de	O
germains	O
,	O
sans	O
exception	O
,	O
ne	O
les	O
connois	O
-	O
„	O
sant	O
pas	O
tous	O
par	O
leurs	O
noms	O
,	O
à	O
la	O
charge	O
dé	O
liur	O
part	O
„	O
d	O
'	O
acquitter	O
,	O
etc	O
.	O
etc	O
.	O

«	O
Et	O
les	O
dits	O
parens	O
pouvant	O
n	O
'	O
être	O
pas	O
tous	O
connus	O
,	O
on	O
les	O
avise	O
par	O
la	O
présente	O
,	O
que	O
le	O
Vendredi	O
9	O
Septembre	O
courant	O
,	O
est	O
le	O
jour	O
fatal	O
sur	O
lequel	O
la	O
mise	O
en	O
possession	O
et	O
investiture	O
des	O
biens	O
de	O
la	O
"	O
défunte	O
,	O
doivent	O
être	O
réclamées	O
devant	O
\	O
i	O
noble	O
Cour	O
de	O
Justice	O
,	O
assemblée	O
dans	O
l	O
'	O
hôtel	O
-	O
dê	O
ville	O
,	O
par	O
ceux	O
des	O
dits	O
païens	O
qui	O
sont	O
au	O
pays	O
,	O
et	O
qui	O
estimeront	O
avoir	O
des	O
droits	O
à	O
faire	O
valoir	O
.	O

La	O
présente	O
information	O
ainsi	O
donnée	O
sans	O
conséquence	O
,	O
vu	O
la	O
clause	O
extraordinaire	O
ci	O
-	O
dessus	O
,	O
_	O
exiraite	O
du	O
testament	O
de	O
la	O
défunte	O
,	O
qui	O
est	O
déposé	O
en	O
original	O
au	O
_	O
'	O
grefle	O
de	O
Neuchatel	O
,	O
sera	O
inséré	O
trois	O
fois	O
dans	O
la	O
présente	O
,	O
et	O
publié	O
au	O
prône	O
de	O
l	O
'	O
é	O
glise	O
de	O
la	O
_	O
Sagoe	O
,	O
juridiction	O
de	O
la	O
défunte	O
.	O

MONTES	B-loc
.	O

6	O
.	O
La	O
Commission	O
du	O
bénéfice	O
d	O
'	O
inventaire	O
de	O
la	O
succès	O
»	O
'	O
_	O
sion	O
dû	O
voitnrier	O
Louis	O
Floquet	O
,	O
donne	O
avis	O
par	O
les	O
présentes	O
,	O
que	O
le	O
Mardi	O
6	O
Septembre	O
prochain	O
,	O
à	O
neuf	O
heures	O
du	O
matin	O
,	O
sur	O
la	O
place	O
d	O
'	O
Yverdon	O
,	O
on	O
_	O
exposera	O
en	O
vente	O
par	O
voie	O
d	O
'	O
enchère	O
publique	O
et	O
aux	O
conditions	O
qui	O
seront	O
lues	O
,	O
quaire	O
voitures	O
_	O
,	O
deux	O
chars	O
-	O
à	O
-	O
bancs	O
,	O
dont	O
l	O
'	O
un	O
est	O
couvert	O
,	O
un	O
grand	O
et	O
fort	O
char	O
de	O
routier	O
,	O
harnois	O
et	O
autres	O
objets	O
de	O
l	O
'	O
attirail	O
de	O
voilurier	O
.	O

Donné	O
à	O
_	O
Yveidon	B-loc
,	O
le	O
_	O
ï	O
3	O
Août	O
3	O
*	O
08	O
.	O
.	O

AUBERJOSOIS	B-pers
,	O
président	O
.	O

25	B-time
.	O

F	B-pers
.	I-pers
COREVOïT	I-pers
,	O
greffier	O
.	O

7	O
.	O
Par	O
permission	O
obtenue	O
,	O
M	O
.	O
"	O
les	O
'	O
Quaire	O
-	O
Ministraux	O
feront	O
exposer	O
eu	O
montes	O
.	O

le	O
_	O
?	O

3	B-time
Septembre	I-time
courant	O
,	O
a	O
1	O
issue	O
du	O
plaid	O
,	O
une	O
vigne	O
d	O
'	O
environ	O
deux	O
ouvriers	O
et	O
un	O
quart	O
,	O
compris	O
1	O
ancienne	O
ruelle	O
Honhomme	O
atte	O
-	O
.	O

nant	B-loc
,	O
située	O
au	O
Plan	O
de	O
Serriere	O
,	O
entre	O
l	O
'	O
ancien	O
chemin	O
dû	O
dit	O
Serriere	O
d	O
'	O
ubère	O
,	O
le	O
nouveau	O
chemin	O
aboutissant	O
.	O

1	O
au	O
pont	O
de	O
.	B-loc

joran	B-loc
,	O
la	O
.	O

vigne	O
de	O
M	B-pers
.	I-pers
le	I-pers
capitaine	I-pers
Jacobel	I-pers
de	O
'	O
vent	B-loc
.	O

Cette	O
vigne	B-loc
est	O
entourée	O
en	O
grande	O
partie	O
d	O
'	O
un	O
mur	O
,	O
et	O
elle	O
sera	O
exposée	O
en	O
montes	O
,	O
avec	O
sa	O
récolte	O
,	O
et	O
aux	O
conditions	O
qui	O
seront	O
lues	O
avant	O
les	O
dites	O
montes	O
.	O

8	O
.	O
Ensuite	O
de	O
permission	O
obtenue	O
,	O
on	O
exposera	O
en	O
mon	O
-	O
'	O
tes	O
publiques	O
,	O
le	O
Vendredi	O
9	O
Septembre	O
courant	O
,	O
à	O
dix	O
heures	O
du	O
matin	O
,	O
devant	O
la	O
maison	O
De	O
Charriera	O
,	O
au	O
bas	O
du	O
village	O
de	O
Colombier	O
,	O
deux	O
caresses	O
,	O
des	O
selles	O
,	O
des	O
harnois	O
,	O
_	O
coliers	O
de	O
chevaux	O
,	O
et	O
autres	O
objets	O
de	O
ce	O
genre	O
.	O

.	O
.	O

¦	O
.	O

'	O
"	O
'	O
.	O
g	O
.	O
Ensuite	O
d	O
'	O
une	O
permission	O
obtenue	O
,	O
on	O
exposera	O
en	O
montes	O
,	O
en	O
Justice	O
de	O
Colombier	O
,	O
le	O
Mercredi	O
2	O
Novembre	O
prochain	O
,	O
les	O
pièces	O
suivantes	O
faisant	O
partie	O
du	O
domaine	O
appartenant	O
à	O
feu	O
M	O
.	O
ne	O
Charrière	O
,	O
dans	O
la	O
Juridiction	O
de	O
Colombier	O
:	O
i	O
.	O
"	O
une	O
possession	O
dite	O
la	O
_	O
Mairesse	O
,	O
située	O
entre	O
Bôle	O
et	O
Colombier	O
,	O
contenant	O
8	O
poses	O
7	O
perches	O
,	O
garnie	O
d	O
'	O
arbres	O
fruitiers	O
,	O
avec	O
maison	O
et	O
,	O
fontaine	O
;	O
2	O
.	O

un	O
champ	O
à	O
Preyla	B-loc
,	O
contenant	O
environ	O
a	O
poses	O
,	O
3	O
.	O
°	O
deux	O
vignes	O
à	O
Chatenaya	O
,	O
plantées	O
en	O
rouge	O
,	O
contenant	O
ensemble	O
18	O
.	O

ouvriers	O
.	O

To	O
.	O

Les	O
sieurs	O
Jean	B-pers
-	I-pers
David	I-pers
Mauley	I-pers
,	O
et	O
Jean	O
Confesse	O
,	O
justiciers	O
,	O
agissant	O
en	O
qualité	O
de	O
curateurs	O
conjoints	O
de	O
l	O
'	O
hoirie	O
de	O
feu	O
Félix	O
Tinembart	O
,	O
et	O
dé	O
syndics	O
de	O
là	O
masse	O
de	O
sa	O
discussion	O
,	O
avisent	O
le	O
public	O
,	O
qu	O
'	O
ils	O
exposeront	O
en	O
montes	O
publiques	O
,	O
sous	O
des	O
conditions	O
râbles	O
,	O
en	O
Justice	O
à	O
Bevaix	O
,	O
le	O
16	O
Septembre	O
prochain	O
,	O
à	O
dix	O
heures	O
du	O
matin	O
,	O
une	O
Superbe	O
maison	O
édifiée	O
au	O
bas	O
du	O
village	O
de	O
'	O
ce	O
dernier	O
lieu	O
,	O
sur	O
la	O
route	O
de	O
Neuchatel	O
,	O
consistant	O
en	O
troisTogemens	O
distincts	O
,	O
une	O
boulangerie	O
a	O
plain	O
-	O
pied	O
,	O
une	O
grange	O
,	O
une	O
cave	O
,	O
une	O
huiliète	O
avec	O
les	O
appartenances	O
,	O
verger	O
et	O
jardin	O
y	O
attenant	O
,	O
contenant	O
une	O
pose	O
et	O
quart	O
,	O
et	O
où	O
il	O
existe	O
une	O
plantation	O
de	O
beaux	O
arbres	O
de	O
plusieurs	O
espèces	O
;	O
plus	O
.	O

et	O
enfin	O
,	O
un	O
superbe	O
balancier	O
avec	O
lès	O
pierres	O
.	O

Les	O
amateurs	B-pers
pourront	O
s	O
'	O
adresser	O
.	O

avant	O
les	O
montes	B-loc
,	O
pour	O
prendre	O
_	O
connois	O
-	O
.	O

sance	O
de	O
tous	O
ces	O
objets	O
,	O
aux	O
prédits	O
sieurs	O
syndics	O
.	O

Donné	O
au	O
greffe	O
de	O
Bevaix	B-loc
,	O
le	O
ï	O
3	O
Août	O
1808	O
.	O

Par	O
ordonnance	O
'	O
:	O
'	O
J	B-pers
.	O

-	O
J	B-pers
.	O

PERNET	B-pers
,	O
greffier	O
.	O

ON	B-prod
OFFRE	I-prod
A	I-prod
VENDRE	I-prod
.	O

IX	B-time
.	O

M	B-pers
.	I-pers
Roy	I-pers
s	O
'	O
étant	O
décidé	O
,	O
à	O
la	O
demande	O
de	O
plusieurs	O
personnes	O
,	O
de	O
vendre	O
par	O
parcelles	O
un	O
laigre	O
d	O
'	O
environ	O
huit	O
bosses	O
vin	O
blanc	O
.	O

1802	B-time
,	O
T	O
'	O
offre	O
au	O
prix	O
de	O
cinq	O
bàiz	O
le	O
pot	O
,	O
en	O
.	O

en	O
prenant	O
au	O
moins	O
100	O
pots	B-prod
;	O
il	O
en	O
délivrera	O
des	O
échantillons	O
aux	O
amateurs	O
,	O
et	O
recevra	O
leurs	O
souscriptions	O
.	O

Ce	O
*	O
vin	B-prod
ne	O
laisse	O
rien	O
à	O
désirer	O
pour	O
la	O
qualité	O
,	O
mais	O
il	O
laisse	O
au	O
vendeur	O
dès	O
regrets	O
sur	O
la	O
dicité	O
du	O
prix	O
»	O

ARTICLES	B-prod
OFFICIELS	I-prod
.	O

Noble	O
et	O
vertueux	O
César	B-pers
d	O
'	O
Ivernois	O
,	O
conseiller	O
d	O
'	O
Etat	O
et	O
maire	O
de	O
Colombier	O
,	O
ayant	O
fixé	O
une	O
nouvelle	O
journée	O
pour	O
reprendre	O
les	O
erremens	O
du	O
décret	O
de	O
la	O
masse	O
de	O
Samuel	O
Huguenin	O
,	O
ci	O
-	O
devant	O
boucher	O
en	O
ce	O
lieu	O
;	O
en	O
conséquence	O
,	O
tous	O
les	O
créanciers	O
de	O
ce	O
dernier	O
sont	O
péremptoirement	O
assignés	O
à	O
se	O
rencontrer	O
dans	O
la	O
salle	O
deJusticeduditColombier	O
,	O
le	O
Vendredi	O
;	O
oJuin	O
courant	O
,	O
dès	O
les	O
huit	O
heures	O
du	O
matin	O
,	O
pour	O
procéder	O
aux	O
collocations	O
,	O
sous	O
peine	O
de	O
forclusion	O
.	O

Parord	O
.	O

F	B-org
.	I-org
C	I-org
'	O
LtRC	O
,	O
£	O
ffier	O
.	O

Dans	O
le	O
décret	O
des	O
biens	O
de	O
AL	B-pers
Fiançois	I-pers
.	O

Racle	B-pers
,	O
de	O
Neuveville	O
,	O
ci	O
-	O
devant	O
_	O
négociant	O
à	O
Berne	O
,	O
publié	O
l	O
'	O
année	O
1824	O
,	O
et	O
dont	O
la	O
liquidation	O
dique	O
sur	O
le	O
doit	O
et	O
l	O
'	O
avoir	O
a	O
eu	O
lieu	O
le	O
3	O
1	O
Août	O
igî	O
_	O
?	O

,	O
AlAL	B-pers
Millier	I-pers
,	O
Sivary	O
père	O
et	O
Comp	O
,	O
de	O
Fribourg	O
en	O
Suisse	O
,	O
suivant	O
une	O
obligation	O
avec	O
nantissement	O
,	O
des	O
7	O
et	O
11	O
Juin	O
15	O
-	O
2	O
*	O
4	O
,	O
ont	O
à	O
réclamer	O
un	O
solde	O
de	O
réclamation	O
admise	O
de	O
L	O
.	O
32,371	O
»	O
2	O
_	O
J	O
r	O
.	O

_	O
ipes	O
.	O

Conformément	O
à	O
la	O
loi	O
i	O
page	O
30	O
c	O
du	O
code	O
civil	O
de	O
la	O
ville	O
de	O
Berne	B-loc
,	O
Al	O
Al	O
.	O
les	O
notifians	O
ont	O
demandé	O
d	O
'	O
être	O
premièrement	O
assignes	O
pour	O
cette	O
somme	O
sur	O
les	O
objets	O
qui	O
leur	O
ont	O
été	O
cédés	O
en	O
nantissement	O
et	O
effectivement	O
livrés	O
,	O
et	O
en	O
oute	O
colloques	O
suivant	O
leur	O
rang	O
,	O
et	O
conformément	O
à	O
la	O
loi	O
,	O
sur	O
des	O
objets	O
de	O
valeur	O
réelle	O
.	O

Cependant	O
,	O
n	O
'	O
ayant	O
point	O
été	O
assignés	O
pour	O
cette	O
réclamation	O
,	O
suivant	O
le	O
prescrit	O
de	O
la	O
loi	O
ci	O
-	O
dessus	O
citée	O
,	O
mais	O
sur	O
le	O
restant	O
de	O
la	O
masse	O
des	O
dettes	O
actives	O
en	O
valeur	O
et	O
non	O
-	O
valeur	O
de	O
L	O
.	O
12,481	O
,	O
,	O
4	O
*	O
;	O
râpes	O
,	O
pour	O
L	O
.	O
2947	O
,	O
,	O
<	O
;	O
2	O
'	O
/	O
-	O
râpes	O
,	O
et	O
ensuite	O
colloques	O
à	O
la	O
patience	O
pour	O
la	O
somme	O
restante	O
de	O
L	O
.	O
29,423	O
„	O
72	O
'	O
/	O
;	O
râpes	O
,	O
vu	O
que	O
les	O
biens	O
de	O
la	O
masse	O
5	O
e	O
trouvaient	O
absorbés	O
,	O
et	O
leur	O
étant	O
arrivé	O
par	O
-	O
là	O
du	O
tort	O
et	O
préjudice	O
,	O
MAL	O
les	O
notifians	O
ont	O
recours	O
à	O
la	O
voie	O
de	O
revision	O
,	O
suivant	O
ce	O
qui	O
est	O
prescrit	O
par	O
la	O
loi	O
1	O
'	O
_	O
<	O
*	O
,	O
page	O
316	O
du	O
susdit	O
code	O
civil	O
.	O

En	O
conséquence	O
,	O
AlAL	O
les	O
notifians	O
,	O
ou	O
un	O
chargé	O
de	O
procuration	O
,	O
se	O
présenteront	O
,	O
le	O
2	O
Juillet	O
1828	O
,	O
.	O

à	O
l	O
'	O
audience	O
de	O
Al	O
.	O
le	O
juge	O
civil	O
Freudo	O
'	O
nreich	O
,	O
lieutenant	O
d	O
'	O
Avoyer	O
de	O
la	O
Préfecture	O
à	O
Berne	O
,	O
à	O
9	O
heures	O
du	O
matin	O
,	O
pour	O
demander	O
que	O
,	O
dans	O
le	O
but	O
mentioiié	O
,	O
révision	O
leur	O
soit	O
accordée	O
du	O
décret	O
des	O
biens	O
de	O
AI	O
.	O

François	B-pers
Racle	I-pers
,	O
de	O
Neuveville	O
,	O
ci	O
-	O
devant	O
négociant	O
à	O
Berne	O
,	O
et	O
absent	O
du	O
pays	O
;	O
d	O
'	O
après	O
cela	O
tous	O
les	O
créanciers	O
qui	O
auraient	O
l	O
'	O
intention	O
de	O
s	O
'	O
opposer	O
à	O
la	O
dite	O
demande	O
en	O
révision	O
,	O
sont	O
formellement	O
invités	O
à	O
se	O
rencontrer	O
à	O
la	O
dire	O
audience	O
,	O
et	O
en	O
cas	O
de	O
non	O
-	O
comparution	O
,	O
tenus	O
de	O
s	O
'	O
en	O
tenir	O
à	O
cet	O
éL	O
.	O

ard	O
à	O
ce	O
qui	O
est	O
statué	O
par	O
les	O
lois	B-org
.	O

Donné	O
sous	O
l	O
'	O
autorisation	O
juri	O
_	O
.	O

tique	O
de	O
Al	B-pers
.	O

Freudenreich	B-pers
,	O
lieutenant	O
d	O
'	O
Avoyer	O
de	O
la	O
Préfecture	O
de	O
Berne	O
,	O
à	O
Berne	O
le	O
30	O
Avril	O
1828	O
-	O
Au	O
nom	O
rie	O
aMM	O
.	O

les	O
Notifians	B-org
.	O

signéKocH	O
,	O
avocat	O
.	O

De	O
la	O
part	O
de	O
MM	B-pers
.	I-pers
les	I-pers
Quatre	I-pers
-	I-pers
Ministraux	I-pers
.	O

,	O
Les	O
bruits	O
allarmans	O
et	O
exagérés	O
qui	O
s	O
'	O
étaient	O
répandus	O
dans	O
le	O
public	O
à	O
l	O
'	O
occasion	O
de	O
divers	O
cas	O
de	O
petite	O
-	O
vérole	O
qui	O
se	O
sont	O
manifestés	O
en	O
cette	O
ville	O
,	O
ayant	O
éveillé	O
l	O
'	O
attention	O
du	O
Alagistrat	O
et	O
l	O
'	O
ayant	O
engagé	O
à	O
charger	O
la	O
Commission	O
de	O
santé	O
de	O
faire	O
un	O
examen	O
sérieux	O
et	O
de	O
lui	O
présenter	O
un	O
rapport	O
détaillé	O
des	O
circonstances	O
qui	O
ont	O
occasionné	O
et	O
accompagné	O
l	O
'	O
éruption	O
et	O
la	O
propagation	O
de	O
cette	O
redoutable	O
maladie	O
,	O
il	O
se	O
fait	O
un	O
devoir	O
d	O
'	O
informer	O
le	O
public	O
que	O
le	O
résultat	O
de	O
cet	O
examen	O
est	O
dé	O
nature	O
à	O
calmer	O
entièrement	O
les	O
inquiétudes	O
et	O
les	O
craintes	O
que	O
ces	O
bruits	O
avaient	O
fait	O
naitre	O
,	O
et	O
à	O
rassurer	O
toutes	O
les	O
personnes	O
qui	O
,	O
éclairées	O
par	O
l	O
'	O
expérience	O
,	O
ont	O
eu	O
jusques	O
ici	O
la	O
r	O
-	O
agesse	O
et	O
la	O
prudence	O
de	O
recourir	O
aux	O
effets	O
préservateurs	O
de	O
la	O
vaccine	O
,	O
puisqu	O
'	O
il	O
a	O
confirmé	O
et	O
fortifié	O
toujours	O
davantage	O
les	O
preuves	O
depuis	O
long	O
-	O
tems	O
existantes	O
de	O
l	O
'	O
efficacité	O
de	O
la	O
vaccination	O
,	O
lorsqu	O
'	O
elle	O
est	O
opérée	O
et	O
suivie	O
par	O
des	O
gens	O
de	O
l	O
'	O
art	O
,	O
contre	O
les	O
atteintes	O
et	O
les	O
dangers	O
de	O
la	O
petite	O
-	O
vérole	O
,	O
et	O
a	O
pleinement	O
justifie	O
qu	O
'	O
aucun	O
de	O
ceux	O
à	O
l	O
'	O
égard	O
desquels	O
il	O
existait	O
la	O
certitude	O
qu	O
'	O
ils	O
avaient	O
subi	O
cette	O
opération	O
salutaire	O
et	O
avaient	O
eu	O
la	O
véritable	O
vaccine	O
,	O
ne	O
s	O
'	O
étaient	O
trouvés	O
atteints	O
de	O
la	O
petite	O
-	O
vérole	O
proprement	O
dite	O
,	O
et	O
n	O
'	O
avaient	O
éprouvé	O
de	O
suites	O
fâcheuses	O
de	O
l	O
'	O
éruption	O
varioloïdeque	O
l	O
'	O
expérience	O
a	O
fait	O
reconnaître	O
comme	O
pouvant	O
se	O
manifester	O
dans	O
les	O
individus	O
vaccinés	O
et	O
comme	O
n	O
'	O
étant	O
que	O
légère	O
et	O
sans	O
danger	O
.	O

En	O
conséquence	O
,	O
le	O
Alagistrat	O
invite	O
de	O
plus	O
fort	O
les	O
parens	O
à	O
soumettre	O
sans	O
renvoi	O
leurs	O
enfans	O
au	O
seul	O
procédé	O
qui	O
puisse	O
les	O
_	O
garantir	O
d	O
'	O
un	O
fléau	O
redouté	O
à	O
si	O
juste	O
titre	O
,	O
et	O
à	O
s	O
épargner	O
à	O
eux	O
-	O
mêmes	O
les	O
regrets	O
amers	O
que	O
leur	O
négligence	O
ou	O
leur	O
obstination	O
pourraient	O
leur	O
causer	O
dans	O
la	O
suite	O
.	O

Donné	O
à	O
l	B-loc
l'<loc>hôtel	O
hôtel	I-loc
-	I-loc
de	I-loc
-	O
ville	I-loc
,	O
le	O
10	O
Juin	O
1828	O
.	O

Parord	O
.	O

lesecrétairc	O
-	O
de	O
-	O
viUe	O
et	O
président	O
de	O
la	O
Commission	O
de	O
santé	O
,	O
G	O
.	O

-	O
F	B-pers
.	O

GALLOT	B-pers
.	O

VENTES	B-org
PAR	I-org
VjOlE	I-org
D	O
'	O
ENCHÈRES	O
.	O

4	B-time
.	O

L	O
'	O
hoirie	O
titulaire	O
dé	O
M	O
la	O
grand	O
baillive	O
de	O
Gingins	O
-	O
Chevilly	O
née	O
Pillichody	O
,	O
fera	O
vendre	O
à	O
l	O
'	O
enchère	O
publique	O
,	O
Alercredi	O
le	O
18	O
Juin	O
prochain	O
et	O
les	O
jours	O
suivans	O
,	O
toutes	O
sortes	O
de	O
meubles	O
,	O
bureaux	O
,	O
conipiodes	O
,	O
miroirs	O
,	O
glaces	O
,	O
lits	O
,	O
batterie	O
de	O
cuisine	O
,	O
beaucoup	O
d	O
'	O
autres	O
sortes	O
d	O
'	O
effets	O
mobiliaires	O
,	O
et	O
de	O
toutes	O
espèces	O
d	O
'	O
ustensiles	O
domestiques	O
et	O
champêtres	O
.	O

Les	O
amateurs	O
sont	O
invités	O
Dmicalement	O
à	O
se	O
trouver	O
à	O
St	B-loc
.	O

Jean	B-pers
les	O
jours	O
indiqués	O
,	O
où	O
les	O
mises	O
commenceront	O
à	O
huit	O
heures	O
du	O
matin	O
et	O
dureront	O
jusqu	O
'	O
au	O
soir	O
.	O

Donné	O
avec	O
permission	O
du	O
Seigneur	B-pers
Fischer	I-pers
,	O
_	O
giand	O
baillif	O
de	O
Cerlier	O
,	O
le	O
6	O
Juin	O
igsg	O
-	O
J	O
-	O
HARTMANN	O
,	O
notaire	O
.	O

î	O
.	O

Ensuite	O
de	O
permission	O
obtenue	O
,	O
il	O
se	O
fera	O
le	O
27	O
de	O
ce	O
mois	O
,	O
sur	O
fa	O
montagne	O
de	O
AL	O
le	O
Comte	O
Louis	O
de	O
Pourtalès	O
,	O
aux	O
Ponts	O
,	O
des	O
mises	O
publiques	O
de	O
plantes	O
de	O
bois	O
.	O

,	O
sapins	O
et	O
pesscs	O
,	O
sur	O
pied	O
,	O
la	O
plupart	O
propres	O
pour	O
bois	O
de	O
construction	O
,	O
bardeaux	O
et	O
.	O

échàlas	B-loc
.	O

Elles	O
commenceront	O
à	O
huit	B-time
heures	I-time
du	I-time
matin	I-time
,	O
et	O
auront	O
lieu	O
aux	O
conditions	O
qui	O
seront	O
lues	O
avant	O
leur	O
ouverture	O
.	O

Les	O
amateurs	O
pourront	O
se	O
trouver	O
rassemblés	O
à	O
l'<loc>auberge	O
'	O
auberge	O
duCerfaux	O
Ponts	O
.	O

6	O
.	O
Ensuite	O
des	O
ordres	O
du	O
Conseil	O
d	O
'	O
Etat	O
,	O
M	O
.	O
de	O
Aleuron	O
,	O
conseiller	O
d	O
'	O
Etat	O
,	O
faisant	O
les	O
fonctions	O
de	O
Procureur	O
-	O
général	O
,	O
fera	O
exposera	O
l	O
'	O
enchère	O
,	O
le	O
Samedi	O
14	O
Juin	O
_	O
prochain	O
,	O
au	O
plaid	O
de	O
la	O
Côte	O
à	O
Auvernier	O
,	O
les	O
deux	O
breuils	O
appartenant	O
à	O
Sa	O
Alajesté	O
,	O
situés	O
près	O
du	O
village	O
de	O
Corcelles	O
.	O

L	O
'	O
enchère	O
aura	O
_	O
Iieû	O
_	O
'	O
il	O
'	O
_	O
abord	O
par	O
parcelles	O
,	O
puis	O
en	O
bloc	O
:	O
le	O
tout	O
aux	O
conditions	O
qui	O
seront	O
lues	O
avant	O
la	O
dite	O
enchère	O
.	O

7	O
.	O
Ensuite	O
des	O
ordres	O
du	O
Gouvernement	O
,	O
Aîons	O
d	O
'	O
Ivernois	O
,	O
conseiller	O
d	O
'	O
Etat	O
et	O
régisseur	O
de	O
la	O
recettedeFontaine	O
-	O
André	O
,	O
exposera	O
à	O
l	O
'	O
enchère	O
,	O
au	O
plaid	O
de	O
St	O
.	O

Biaise	B-time
,	I-time
le	I-time
Vendredi	I-time
13	I-time
Juin	I-time
courant	O
,	O
les	O
deux	O
dîmes	O
en	O
grains	O
de	O
Voëns	O
et	O
d	O
'	O
Enges	O
,	O
qui	O
dépendent	O
de	O
cette	O
recette	O
,	O
et	O
cela	O
aux	O
conditions	O
qui	O
seront	O
lues	O
avant	O
l	O
'	O
enchère	O
.	O

8	B-time
.	O
Le	O
public	O
est	O
informé	O
,	O
que	O
le	O
Jeudi	O
19	O
Juin	O
courant	O
,	O
à	O
9	O
heures	O
du	O
m	O
_	O
^	O
tin	O
,	O
on	O
exposera	O
en	O
vente	O
,	O
dans	O
la	O
maison	O
ci	O
-	O
devant	O
Liechtenhann	O
,	O
vis	O
-	O
à	O
-	O
vis	O
du	O
bureau	O
des	O
Postes	O
,	O
divers	O
meubles	O
et	O
ustensiles	O
de	O
cave	O
,	O
entr	O
'	O
autres	O
un	O
laigre	O
de	O
1	O
;	O
bosses	O
,	O
un	O
de	O
14	O
,	O
un	O
de	O
8	B-time
et	O
un	O
de	O
3	O
bosses	O
environ	O
;	O
deux	O
pressoirs	O
en	O
bois	O
,	O
etc	O
.	O

Les	O
conditions	O
seront	O
favorables	O
aux	O
amateurs	B-pers
.	O

9	O
.	O
L	O
'	O
auberge	O
de	O
la	O
Croix	O
-	O
d	O
'	O
or	O
à	O
Valangin	O
sera	O
vendue	O
par	O
enchères	O
publiques	O
,	O
qui	O
auront	O
lieu	O
dans	O
l	O
'	O
auberge	O
même	O
,	O
le	O
Lundi	O
16	O
Juin	O
courant	O
,	O
à	O
cinq	O
heures	O
précises	O
du	O
soir	O
.	O

En	O
attendant	O
les	O
amateurs	O
pourront	O
prendre	O
communication	O
des	O
conditions	O
favorables	O
de	O
cette	O
vente	O
,	O
kîger	O
,	O
qui	O
occupe	O
cette	O
auberge	O
.	O

10	B-time
.	O
La	O
vente	O
des	O
livres	O
de	O
la	O
Société	O
de	O
lecture	O
se	O
fera	O
le	O
Alardi	O
17	O
Juin	O
,	O
à	O
4	O
heures	O
après	O
midi	O
,	O
dans	O
le	O
logement	O
de	O
St	O
.	O

Jean	B-pers
,	O
maison	O
ci	O
-	O
devant	O
Ostervald	O
,	O
où	O
l	O
'	O
on	O
pourra	O
voir	O
le	O
catalogue	O
,	O
le	O
Lundi	O
et	O
le	O
Jeudi	O
de	O
chaque	O
semaine	O
,	O
de	O
dix	O
heures	O
à	O
midi	O
.	O

Outre	O
un	O
bon	O
choix	O
de	O
nouveautés	O
dans	O
tous	O
les	O
genres	O
,	O
on	O
y	O
trouvera	O
plusieurs	O
collections	O
de	O
Journaux	O
littéraires	O
,	O
entre	O
autres	O
le	O
Globe	O
et	O
la	O
Revue	O
britannique	O
.	O

Les	O
livres	B-prod
seront	O
vendus	O
au	O
plus	O
offrant	O
,	O
à	O
très	O
-	O
bas	O
prix	O
,	O
la	O
Société	O
étant	O
décidée	O
à	O
s	O
'	O
en	O
défaire	O
.	O

ON	B-prod
OFFRE	I-prod
A	I-prod
VENDRE	I-prod
.	O

n	O
.	O

Atlas	B-prod
universel	I-prod
en	O
38	O
cartes	O
,	O
par	O
Arrowsmith	O
.	O

L	O
'	O
art	O
de	O
toucher	O
du	O
piano	O
,	O
par	O
B	O
.	O
Viguerie	O
,	O
2	O
cahiers	O
.	O

Conversations	O
-	O
Lexicon	B-prod
de	I-prod
Brockhaus	I-prod
,	O
10	O
vol	O
.	O

Histoire	O
de	O
_	B-prod
Gilbas	I-prod
de	I-prod
Santillane	I-prod
_	I-prod
,	O
par	O
LeSage	O
,	O
4	O
vol	O
.	O

Synonymes	B-prod
français	I-prod
,	O
2	O
vol	O
.	O
19	O
Almanachs	O
helvétiques	O
allemands	O
,	O
avec	O
fig	O
.	O

Un	O
beau	O
livre	B-prod
blanc	I-prod
4	O
.	O

Bertuchs	O
Bilderbuch	O
,	O
8	O
vol	O
.	O
4	O
°	O
.	O

Tous	O
ces	O
livres	B-prod
sont	O
très	O
proprement	O
reliés	O
et	O
comme	O
neufs	O
.	O

S	O
'	O
adr	O
.	O

au	O
bur	B-loc
.	O

d	O
'	O
avis	B-pers
.	O

12	B-time
.	O
Chez	O
le	O
Sieur	O
Quinche	O
,	O
instituteur	O
,	O
maison	O
Prince	O
,	O
place	O
des	O
Halles	O
,	O
une	O
copie	O
exacte	O
et	O
très	O
soignée	O
du	O
beau	O
Traire	O
des	O
causes	O
civiles	O
de	O
la	O
Principauté	O
de	O
Neuchâtel	O
,	O
par	O
Al	O
.	O
le	O
châtelain	O
Alonvert	O
;	O
ouvrage	O
très	O
utile	O
aux	O
personnes	O
qui	O
se	O
vouent	O
à	O
la	O
magistrature	O
ou	O
au	O
barreau	O
.	O

13	B-loc
.	O
Chez	O
AL	O
Jn	O
.	O

-	O
Dl	B-pers
.	O

Andrié	B-loc
,	O
au	O
faubourg	O
,	O
de	O
jeunes	O
pigeons	O
.	O

14	B-pers
.	I-pers
J	I-pers
.	O
Dorn	I-pers
,	O
à	O
la	O
Croix	O
-	O
du	O
-	O
marché	O
,	O
vient	O
de	O
recevoir	O
un	O
nouvel	O
envoi	O
de	O
mousseline	O
imprimée	O
de	O
Alulhouse	O
,	O
et	O
un	O
beau	O
choix	O
de	O
guingans	O
français	O
â	O
des	O
prix	O
avantageux	O
.	O

Il	O
vient	O
aussi	O
de	O
recevoir	O
un	O
assortiment	O
de	O
marcelines	B-prod
en	O
cou	O
.	O

leur	O
,	O
dites	O
pour	O
doublure	O
à	O
1	O
batz	O
l	O
'	O
aune	O
;	O
des	O
grosdeNaples	O
nuances	O
de	O
mode	O
,	O
à	O
21	O
bz	O
.	O

l	O
'	O
aune	B-prod
,	O
levantine	O
,	O
barège	O
,	O
côte	O
-	O
paly	O
,	O
dits	O
en	O
coton	O
,	O
séduisantes	O
.	O

11	B-time
recevra	O
scus	O
peu	O
des	O
batistes	B-prod
brochés	I-prod
de	O
diverses	O
nuances	O
pour	O
robes	O
.	O

11	O
a	O
en	O
outre	O
un	O
beau	O
choix	O
d	O
'	O
indiennes	O
de	O
Mulhouse	O
et	O
du	O
pays	O
,	O
nanzous	O
,	O
mousselines	O
,	O
percales	O
,	O
tulles	O
-	O
bobbin	O
,	O
toiles	O
de	O
coton	O
de	O
toutes	O
largeurs	O
et	O
qualités	O
,	O
shirtings	O
à	O
des	O
prix	O
très	O
avantageux	O
,	O
cotonnes	O
p	O
.	O

robes	O
de	O
<	O
;	O
'	O
/	O
4	O
à	O
8	O
batz	O
l	O
'	O
aune	O
,	O
dites	O
pour	O
meuble	O
,	O
moiré	O
,	O
escot	O
et	O
mérinos	O
vert	O
3	O
/	O
4	O
larges	O
,	O
futaine	O
et	O
limoge	O
,	O
toiles	O
de	O
ritre	O
blanche	O
et	O
mi	O
-	O
blanches	O
,	O
dite	O
rousse	O
à	O
160	O
batz	O
la	O
pièce	O
de	O
16	O
aunes	O
;	O
un	O
assortiment	O
complet	O
de	O
schalls	O
,	O
fichus	O
barège	O
3	O
/	O
4	O
et	O
*	O
/	O
4	O
1	O
dits	O
en	O
crêpe	O
de	O
Chine	O
,	O
bordures	O
de	O
schalls	O
,	O
draps	O
,	O
_	O
circassienne	O
français	O
et	O
anglais	O
,	O
étoffes	O
p	O
.	O

gilets	O
,	O
piqué	O
à	O
8	O
batz	O
le	O
gilet	O
,	O
triège	O
p	O
.	O

pantalons	O
à	O
3	O
3	O
et	O
à	O
3	O
_	O
î	O
batz	O
la	O
pièce	O
,	O
et	O
autres	O
objets	O
trop	O
longs	O
à	O
détailler	O
.	O

1	O
ç	O
.	O

Al	O
Julie	B-pers
Steiner	I-pers
vient	O
de	O
recevoir	O
les	O
guin	O
'	O
-	O
gans	O
français	O
qu	O
'	O
elle	O
attendait	O
;	O
ils	O
sont	O
dans	O
les	O
goûts	O
les	O
plus	O
nouveaux	O
.	O

Elle	O
cédera	O
des	O
guingans	B-prod
anglais	I-prod
de	O
l'<time>année	O
'	O
année	O
dernière	I-time
,	O
à	O
10	O
/	O
_	O
i	O
e	O
'	O
12	O
batz	O
.	O

16	O
.	O
Des	O
chapeaux	O
de	O
paille	O
de	O
Florence	O
,	O
d	O
'	O
une	O
très	O
belle	O
qualité	O
,	O
que	O
l	O
'	O
on	O
peut	O
voir	O
chez	O
M	O
veuve	O
Benoit	O
,	O
maison	O
de	O
Al	O
.	O

Aleuron	B-loc
-	I-loc
Perret	I-loc
,	O
au	O
faubourg	O
.	O

17	B-time
.	O
Em	O
.	O

Alatthey	B-pers
,	O
bottier	O
du	O
Roi	O
,	O
prévient	O
les	O
Dames	O
qui	O
l	O
'	O
honorent	O
de	O
leur	O
confiance	O
,	O
qu	O
'	O
il	O
vient	O
de	O
recevoir	O
de	O
Paris	O
les	O
maroquins	O
qu	O
'	O
il	O
attendait	O
depuis	O
long	O
-	O
tems	O
.	O

_	O
ig	O
_	O
.	O

A	O
bas	O
prix	O
,	O
3	O
à	O
400	O
pots	O
vins	O
rouge	O
et	O
blanc	O
,	O
bons	O
p	O
.	O

les	O
travaux	O
de	O
la	O
campagne	O
;	O
de	O
plus	O
,	O
de	O
très	O
-	O
beau	O
et	O
bon	O
café	O
Havanne	O
à	O
<	O
;	O
*	O
*	O
/	O
;	O
batz	O
,	O
en	O
en	O
prenant	O
au	O
moins	O
10	O
lb	O
.	O

;	O
et	O
enfin	O
,	O
une	O
grande	O
.	O

arche	O
propre	O
à	O
y	O
déposer	O
des	O
grains	O
.	O

S	O
'	O
adr	O
.	O

à	O
AI	B-loc
"	I-loc
-	I-loc
Jeanrenaud	I-loc
-	I-loc
Racle	I-loc
,	O
au	O
faubourg	O
.	O

19	B-time
.	O
Un	O
coq	O
d	O
'	O
Inde	O
noir	O
,	O
d	O
'	O
un	O
an	O
.	O

S	O
'	O
adr	O
.	O

à	O
Fanchette	B-pers
Philippin	I-pers
,	O
au	O
Neubourg	O
.	O

20	B-time
.	O
Une	O
belle	O
jument	O
de	O
3	O
'	O
/	O
i	O
ans	O
,	O
à	O
tous	O
crins	O
,	O
manteau	O
noir	O
,	O
sans	O
défaut	O
,	O
et	O
très	O
-	O
douce	O
quoique	O
vive	O
,	O
allant	O
très	O
_	O
^	O
bien	O
au	O
char	O
-	O
à	O
-	O
banc	O
.	O

S	O
'	O
adr	O
.	O

à	O
Jean	B-pers
Schlatter	I-pers
,	O
fermier	O
de	O
M	O
.	O
de	O
Luze	O
,	O
aux	O
Prés	O
de	O
_	O
Reuse	O
.	O

21	B-time
.	O
A	O
bon	O
marchéi	O
ffute	O
d	O
'	O
emploi	O
,	O
un	O
banc	O
couvert	O
,	O
en	O
bon	O
état	O
,	O
que	O
l	O
'	O
on	O
peut	O
placer	O
sur	O
toute	O
espèce	O
de	O
char	O
de	O
campagne	O
.	O

S	O
'	O
adr	O
.	O

à	O
Marti	B-pers
,	O
sellier	O
,	O
près	O
de	O
l	O
'	O
hôtel	O
-	O
de	O
-	O
ville	O
.	O

22	O
.	O
A	O
la	O
lithographie	O
Gagnebin	O
,	O
au	O
Sablon	O
,	O
de	O
très	O
beaux	O
papiers	O
de	O
poste	O
d	O
'	O
Annonay	O
,	O
de	O
différens	O
formats	O
et	O
qualités	O
,	O
et	O
à	O
des	O
prix	O
trèsmodérés	O
.	O

23	B-time
.	O
Un	O
nouvel	O
envoi	O
d	O
'	O
oranges	O
de	O
Palerme	O
,	O
_	O
chea	O
Al	O
Wittnauer	O
,	O
à	O
la	O
Grand	O
'	O
rue	O
.	O

24	O
.	O
Chez	O
AI	O
Wavre	O
-	O
Wattel	O
,	O
des	O
huiles	O
d	O
olives	O
surfines	O
,	O
à	O
7	O
batz	O
la	O
livre	O
;	O
vinaigre	O
rouge	O
et	O
blanc	O
de	O
Dijon	O
,	O
à	O
4	O
/	O
;	O
bz	O
.	O

le	O
pot	O
,	O
etdescïirons	O
qu	O
'	O
il	O
a	O
en	O
_	O
commission	O
,	O
à	O
6	O
et	O
8	O
batz	O
la	O
douz	O
.	O

2	B-time
$	I-time
.	O

Au	O
prix	O
courant	O
,	O
2	O
douzaines	O
tasses	O
et	O
3	O
pots	O
au	O
lait	O
en	O
terre	O
anglaise	O
bleue	O
,	O
arrivés	O
de	O
la	O
fabrique	O
depuis	O
peu	O
de	O
jours	O
,	O
mais	O
qui	O
se	O
sont	O
trouvés	O
de	O
surplus	O
dans	O
l	O
'	O
envoi	O
.	O

S	O
'	O
adresser	O
au	O
bureau	O
d	O
'	O
avis	O
.	O

26	O
.	O
Un	O
bon	O
et	O
beau	O
Fusil	O
de	O
cible	O
,	O
à	O
poudre	O
fulminante	O
et	O
à	O
la	O
garantie	O
,	O
chez	O
Samuel	O
Dubois	O
,	O
à	O
Colombier	O
.	O

27	B-time
.	O
Une	O
ànesse	O
dressée	O
à	O
la	O
charrette	O
.	O

S	O
'	O
adr	O
.	O

au	O
château	O
de	O
Vaumarcus	B-loc
.	O

2	O
g	B-prod
.	O

M	B-pers
.	I-pers
Preud	I-pers
'	I-pers
homme	O
-	O
Favarger	I-pers
a	O
l	O
'	O
honneur	O
d	O
'	O
informer	O
le	O
public	O
,	O
qu	O
'	O
outre	O
les	O
vins	O
de	O
choix	O
du	O
pays	O
,	O
blanc	O
et	O
rouge	O
,	O
qu	O
'	O
il	O
vend	O
en	O
bouteilles	O
en	O
quantité	O
demandée	O
,	O
on	O
peut	O
aussi	O
se	O
pourvoir	O
chez	O
lui	O
de	O
vins	O
étrangers	O
à	O
prix	O
raisonnables	O
et	O
de	O
toutes	O
premières	O
qualités	O
,	O
tels	O
que	O
Champagne	O
blanc	O
et	O
rosé	O
,	O
Bourgogne	O
mousseux	O
,	O
Pomard	O
,	O
Madère	O
,	O
etc	O
.	O

,	O
ainsi	O
que	O
de	O
liqueurs	B-prod
de	O
différentes	O
sortes	O
.	O

Son	O
magasin	O
près	O
duTemple	O
-	O
neuf	O
,	O
est	O
toujours	O
assorti	O
des	O
articles	O
qui	O
concernent	O
le	O
commerce	O
d	O
'	O
épiceries	O
.	O

29	O
.	O
AlAL	O
Pettavel	O
frères	O
viennent	O
de	O
recevoir	O
de	O
superbe	O
colle	O
de	O
_	O
Cologne	O
,	O
des	O
huiles	O
d	O
'	O
olive	O
surfines	O
de	O
Nice	O
et	O
de	O
Provence	O
;	O
moutarde	O
en	O
pots	O
de	O
Alaille	O
;	O
ciment	O
de	O
Paris	O
dit	O
mastic	O
Dihl	O
,	O
etc	O
.	O

Les	O
prix	O
de	O
leurs	O
divers	O
articles	O
sont	O
très	O
favorables	O
.	O

30	B-time
.	O
Chez	O
C	O
.	O
Steiner	O
,	O
maison	O
de	O
AI	O
.	O

DeLuzc	B-loc
-	I-loc
De	I-loc
-	I-loc
Luze	I-loc
,	O
près	O
la	O
Croix	O
-	O
du	O
-	O
marché	O
,	O
six	O
chaises	O
-	O
,	O
deux	O
tabourets	O
,	O
un	O
lit	O
et	O
une	O
table	O
.	O

DE	B-org
LA	I-org
FEUILLE	I-org
OFFICIELLE	I-org
EXTRAIT	O
du	O
jeudi	B-time
6	I-time
mai	I-time
1858	I-time
.	O

NOMINATION	B-prod
.	O

1	O
.	O
Vu	O
l	O
'	O
état	O
do	O
santé	O
du	O
citoyen	O
Aug	O
.	O

L'<pers>Ecuyer	O
'	O
Ecuyer	O
-	O
Pœllon	I-pers
,	O
le	O
conseil	O
d	O
'	O
état	O
,	O
par	O
arrêt	O
du	O
50	O
avril	O
dernier	O
,	O
a	O
chargé	O
le	O
citoyen	O
Jaques	O
-	O
Henri	O
Favre	O
de	O
le	O
remplacer	O
provisoirement	O
dans	O
ses	O
fonctions	O
de	O
substitut	O
de	O
l	O
'	O
officier	O
de	O
l	O
'	O
état	O
civil	O
de	O
la	O
conscription	O
do	O
Neuchâtel	O
.	O

AVIS	B-prod
DIVERS	I-prod
.	O

2	O
.	O
Dans	O
sa	O
séance	O
du	O
5	O
mai	O
courant	O
,	O
lo	O
conseil	O
d	O
'	O
étal	O
a	O
fixé	O
l	O
'	O
ouverture	O
de	O
l	O
'	O
assemblée	O
constituante	O
au	O
lundi	O
10	O
mai	O
prochain	O
.	O

FAILLITES	B-prod
.	O

5	B-time
.	O
Par	O
jugement	O
en	O
date	O
du	O
29	O
avril	O
1858	O
,	O
le	O
tribunal	O
civil	O
du	O
Locle	O
,	O
ayant	O
prononcé	O
la	O
faillite	O
du	O
citoyen	O
Frédéric	O
-	O
Auguste	O
Mathey	O
,	O
pierrisle	O
,	O
demeurant	O
au	O
Locle	O
,	O
ct	O
ordonné	O
que	O
cette	O
masse	O
soit	O
liquidée	O
sommairement	O
,	O
lo	O
juge	O
de	O
paix	O
du	O
Locle	O
fait	O
,	O
en	O
conséquence	O
,	O
connaître	O
au	O
public	O
que	O
les	O
inscriptions	O
au	O
passif	O
de	O
cette	O
masse	O
seront	O
reçues	O
au	O
greffe	O
de	O
la	O
justice	O
de	O
paix	O
du	O
Locle	O
,	O
depuis	O
le	O
vendredi	O
7	O
mai	O
courant	O
,	O
jusqu	O
'	O
au	O
lundi	O
24	O
du	O
même	O
mois	O
,	O
à	O
5	B-time
heures	O
du	O
soir	O
,	O
heure	O
à	O
laquelle	O
elles	O
seront	O
déclarées	O
closes	O
.	O

La	O
liquidation	O
s	O
'	O
ouvrira	O
au	O
Locle	O
,	O
le	O
vendredi	O
28	O
mai	O
1858	O
,	O
à	O
9	O
heures	O
du	O
malin	O
,	O
au	O
lieu	O
ordinaire	O
des	O
audiences	O
de	O
la	O
justice	O
de	O
paix	O
.	O

4	B-time
.	O
Le	O
tribunal	O
civil	O
du	O
district	O
du	O
Locle	O
,	O
par	O
sentence	O
en	O
date	O
du	O
24	O
avril	O
passé	O
,	O
a	O
prononcé	O
le	O
décret	O
des	O
biens	O
et	O
dettes	O
du	O
citoyen	O
L	O
_	O
'	O
-	O
Edouard	O
Uuguenin	O
-	O
Witillcmiii	O
,	O
du	O
Locle	O
,	O
fabricant	O
d	O
'	O
horlogerie	O
,	O
domicilié	O
au	O
Locle	O
,	O
lils	O
de	O
feu	O
Charles	O
-	O
Frédéric	O
;	O
en	O
conséquence	O
,	O
les	O
inscriptions	O
au	O
passif	O
de	O
cette	O
masse	O
seront	O
reçues	O
avec	O
les	O
titres	O
et	O
pièces	O
à	O
l	O
'	O
appui	O
,	O
au	O
greffe	O
du	O
tribunal	O
civil	O
du	O
Locle	O
,	O
dès	O
le	O
jeudi	O
6	O
au	O
vendredi	O
21	O
mai	O
courant	O
,	O
ce	O
dernier	O
jour	O
jusqu	O
'	O
à	O
6	O
heures	O
du	O
soir	O
,	O
moment	O
où	O
les	O
dites	O
inscriptions	O
seront	O
closes	O
ct	O
bouclées	O
.	O

Tous	O
les	O
créanciers	O
du	O
dit	O
citoyen	O
Louis	B-pers
-	I-pers
Edouard	I-pers
Hugiieiiin	I-pers
-	I-pers
Wuilleiiii	I-pers
'	O
fî	O
sont	O
,	O
par	O
ce	O
môme	O
avis	O
,	O
péremptoirement	O
assignés	O
à	O
comparaître	O
par	O
dcvanl	O
le	O
tribunal	O
de	O
la	O
faillite	O
qui	O
siégera	O
à	O
l	O
'	O
hôtel	O
de	O
ville	O
du	O
Locle	O
,	O
dès	O
les	O
9	O
heures	O
du	O
matin	O
,	O
le	O
mardi	O
22	O
juin	O
1858	O
,	O
pour	O
là	O
faire	O
liquider	O
leurs	O
inscriptions	O
et	O
procéder	O
aux	O
opérations	O
ultérieures	O
de	O
cette	O
faillite	O
;	O
le	O
tout	O
sous	O
peine	O
de	O
forclusion	O
.	O

5	B-time
.	O
Le	O
tribunal	O
civil	O
du	O
district	O
du	O
Locle	O
,	O
par	O
sentence	O
en	O
date	O
du	O
24	O
avril	O
passé	O
,	O
a	O
prononcé	O
le	O
décret	O
des	O
biens	O
et	O
dettes	O
du	O
citoyen	O
Jules	O
relet	O
-	O
Courvoisicr	O
_	O
,	O
du	O
Locle	O
,	O
fils	O
de	O
feu	O
Philibert	O
Pcrrelet	O
,	O
marchand	O
de	O
fournitures	O
,	O
domicilié	O
au	O
Locle	O
;	O
en	O
conséquence	O
,	O
les	O
inscriptions	O
au	O
passif	O
de	O
cette	O
masse	O
seront	O
reçues	O
avec	O
les	O
titres	O
et	O
pièces	O
à	O
l	O
'	O
appui	O
,	O
au	O
greffe	O
du	O
tribunal	O
civil	O
du	O
Locle	O
,	O
dès	O
le	O
jeudi	O
6	O
au	O
vendredi	O
21	O
mai	O
courant	O
,	O
ce	O
dernier	O
jour	O
jusqu	O
'	O
à	O
6	O
heures	O
du	O
soir	O
,	O
moment	O
où	O
les	O
dites	O
inscriptions	O
seront	O
closes	O
et	O
bouclées	O
.	O

Tous	O
les	O
créanciers	O
du	O
dit	O
ciloyen	O
Jules	O
Perrelet	O
-	O
Courvoisicr	O
,	O
sont	O
par	O
ce	O
même	O
avis	O
péremptoirement	O
assignés	O
à	O
comparaître	O
par	O
devant	O
le	O
tribunal	O
de	O
la	O
faillite	O
qui	O
siégera	O
à	O
l	O
'	O
hôtel	O
de	O
ville	O
du	O
Locle	O
,	O
dès	O
les	O
9	O
heures	O
du	O
matin	O
,	O
le	O
mardi	O
15	O
juin	O
prochain	O
,	O
pour	O
là	O
faire	O
liquider	O
leurs	O
inscriptions	O
et	O
procéder	O
aux	O
opérations	O
ultérieures	O
de	O
cette	O
faillite	O
;	O
le	O
tout	O
sous	O
peine	O
de	O
forclusion	O
.	O

6	O
.	O
Le	O
tribunal	O
civil	O
de	O
la	O
Chaux	O
-	O
de	O
-	O
Fonds	O
,	O
dans	O
sa	O
séance	O
du	O
27	O
avril	O
1858	O
,	O
a	O
prononcé	O
le	O
décret	O
des	O
biens	O
ct	O
dettes	O
du	O
citoyen	O
Charles	O
Bastide	O
,	O
ancien	O
coiffeur	O
,	O
domicilié	O
en	O
ce	O
lieu	O
,	O
et	O
a	O
renvoyé	O
la	O
liquidation	O
de	O
celle	O
masse	O
au	O
juge	O
de	O
paix	O
.	O

En	O
conséquence	O
,	O
tous	O
les	O
créanciers	O
du	O
citoyen	O
Ch	O
.	O

Bastide	B-pers
sont	O
invités	O
à	O
faire	O
inscrire	O
leurs	O
titres	O
ct	O
réclamations	O
au	O
greffe	O
de	O
la	O
justice	O
de	O
paix	O
de	O
la	O
Chaux	B-loc
-	I-loc
de	I-loc
-	I-loc
Fonds	I-loc
,	O
depuis	O
le	O
7	O
j	O
usqu	O
'	O
au	O
28	O
mai	O
courant	O
,	O
jour	O
où	O
les	O
inscriptions	O
seront	O
déclarées	O
closes	O
à	O
5	O
heures	O
du	O
soir	O
;	O
ils	O
sont	O
en	O
outre	O
requis	O
de	O
se	O
rencontrer	O
le	O
samedi	O
29	O
mai	O
1858	O
,	O
dès	O
les	O
9	O
beures	O
du	O
matin	O
,	O
à	O
l	O
'	O
hôtel	O
de	O
ville	O
de	O
la	O
de	O
-	O
Fonds	I-loc
,	O
pour	O
suivre	O
aux	O
opérations	O
ultérieures	O
de	O
cette	O
liquidation	O
sommaire	O
;	O
le	O
tout	O
sous	O
peine	O
de	O
forclusion	O
.	O

7	B-time
.	O
Par	O
jugement	O
en	O
date	O
du	O
50	O
avril	O
1857	O
,	O
le	O
tribunal	O
civil	O
de	O
la	O
Chaux	O
-	O
de	O
-	O
Fonds	O
,	O
a	O
ordonné	O
d	O
'	O
office	O
la	O
mise	O
en	O
faillite	O
tle	O
la	O
masse	O
du	O
citoyen	O
Simon	O
Fournier	O
,	O
chef	O
d	O
'	O
un	O
atelier	O
de	O
doreurs	O
à	O
la	O
Chaux	O
-	O
de	O
-	O
Fonds	O
,	O
masse	O
abandonnée	O
par	O
son	O
propriétaire	O
.	O

En	O
conséquence	O
,	O
les	O
créanciers	O
du	O
dit	O
Fournier	O
sont	O
requis	O
,	O
sous	O
peine	O
de	O
forclusion	O
:	O
1	O
°	O
do	O
faire	O
inscrire	O
au	O
greffe	O
du	O
tribunal	O
de	O
la	O
Chaux	O
-	O
de	O
-	O
Fonds	O
,	O
leurs	O
titres	O
ou	O
réclamations	O
,	O
dès	O
le	O
10	O
au	O
24	O
mai	O
courant	O
,	O
ce	O
dernier	O
jour	O
les	O
inscriptions	O
seront	O
closes	O
à	O
7	O
heures	O
du	O
soir	O
;	O
2	O
°	O
de	O
se	O
présenter	O
à	O
l	O
'	O
hôtel	O
de	O
ville	O
de	O
la	O
Chaux	O
-	O
de	O
-	O
Fonds	O
,	O
le	O
28	O
mai	O
1858	O
,	O
à	O
9	O
heures	O
du	O
matin	O
,	O
pour	O
faire	O
liquider	O
leurs	O
inscriptions	O
,	O
et	O
se	O
colloquer	O
,	O
cas	O
échéant	O
.	O

PUBLICATIONS	B-prod
JUDICIAIRES	I-prod
DIVERSES	I-prod
.	O

j	O
8	O
.	O
Les	O
créanciers	O
de	O
la	O
masse	O
en	O
décret	O
du	O
ci	O
-	O
|	O
toyen	O
Henri	O
-	O
François	O
Duvanel	O
_	O
,	O
négociant	O
,	O
à	O
1	O
Brot	O
-	O
Dessous	O
,	O
sont	O
péremptoirement	O
assignés	O
à	O
se	O
rencontrer	O
devant	O
le	O
juge	O
de	O
la	O
faillite	O
qui	O
siégera	O
à	O
l	O
'	O
hôtel	O
de	O
ville	O
de	O
Boudry	O
,	O
mardi	O
11	O
mai	O
courant	O
,	O
dès	O
les	O
9	O
heures	O
du	O
matin	O
,	O
pour	O
suivre	O
aux	O
opérations	O
du	O
décret	O
,	O
sous	O
peine	O
do	O
forclusion	O
.	O

Fin	O
de	O
l	O
'	O
extrait	O
de	O
la	O
feuille	O
officielle	O
.	O

j	O
PUBLICATIONS	O
JUDICIAIRES	O
_	O
DIVER	O
¦	O
g	O
Le	O
_	O
créanciers	O
de	O
]	O
a	O
masse	O
cn	O
dé	O
i	O
toyen	B-pers
Henri	I-pers
-	I-pers
François	I-pers
Duvanel	I-pers
,	O
né	O
,	O
,	O
T	O
>	O
.	O

.	O
-	O
.	O

T	B-pers
.	O
.	O

.	O
-	O
_	O
.	O

.	O

_	O
.	O

.	O
.	O

-	O
:	O
—	O
-	O
-	O
—	O
+	O
_	O
„	O

f	O
-	O
Ot	O
-	O
velies	O
_	O
.	O

Grande	B-loc
-	I-loc
Bretagne	I-loc
.	O

—	O
Sir	B-pers
Strafford	I-pers
Norlhcole	I-pers
,	O
secrétaire	O
d	O
'	O
Elat	O
des	O
colonies	O
,	O
a	O
reçu	O
de	O
sir	O
Robert	O
Napier	O
la	O
dépêche	O
suivante	O
,	O
en	O
dale	O
de	O
Lait	O
,	O
le	O
23	O
mars	O
:	O
«	O
Aujourd	O
'	O
hui	O
je	O
quille	O
Lait	O
avec	O
mes	O
soldais	O
pour	O
marcher	O
en	O
avant	O
.	O
Les	O
soldais	O
portent	O
leurs	O
provisions	O
mais	O
pas	O
de	O
bagages	O
.	O
Le	O
général	O
Slaveley	O
,	O
commandant	O
la	O
seconde	O
colonne	O
,	O
est	O
à	O
une	O
journée	O
en	O
arrière	O
.	O
Les	O
éléphants	O
,	O
avec	O
les	O
canons	O
,	O
les	O
munitions	O
et	O
la	O
réserve	O
,	O
sonl	O
à	O
une	O
autre	O
journée	O
en	O
arrière	O
du	O
général	O
.	O
La	O
distance	O
entre	O
le	O
camp	O
le	O
plus	O
avancé	O
et	O
Magdala	O
est	O
de	O
60	O
milles	O
.	O
Le	O
colonel	O
Payre	O
a	O
fait	O
une	O
reconnaissance	O
à	O
20	O
milles	O
plus	O
loin	O
.	O
Thédoros	O
est	O
toujours	O
à	O
Magdala	O
.	O
Il	O
parait	O
inquiet	O
.	O
Ses	O
intentions	O
sont	O
inconnues	O
.	O
Les	O
troupes	O
anglaises	O
sont	O
pleines	O
d	O
'	O
ardeur	O
.	O
»	O
—	O
Un	O
meeting	O
nombreux	O
et	O
distingué	O
s	O
'	O
est	O
tenu	O
àSalford	O
,	O
le	O
15	O
avril	O
,	O
en	O
faveur	O
du	O
droit	O
électoral	O
à	O
accorder	O
aux	O
femmes	O
.	O

Plusieurs	O
membres	O
du	O
parlement	B-org
et	O
trois	O
dames	O
ont	O
pris	O
la	O
parole	O
.	O

M	B-pers
Pocbin	I-pers
,	O
femme	O
du	O
maire	O
de	O
Salford	O
,	O
a	O
obtenu	O
un	O
grand	O
succès	O
.	O

France	B-loc
.	O

—	O
On	O
reçoit	O
de	O
fâcheuses	O
nouvelles	O
des	O
récoltes	O
,	O
surtout	O
dans	O
le	O
midi	O
.	O

11	B-time
est	O
tombé	O
de	O
la	O
neige	O
dans	O
le	O
département	O
de	O
l	O
'	O
Hérault	B-loc
,	O
à	O
la	O
Montagne	O
-	O
Noire	O
et	O
jusque	O
dans	O
les	O
environs	O
d	O
'	O
Avignon	O
.	O

Par	O
suite	O
de	O
celle	O
température	O
extraordinaire	O
,	O
un	O
vent	O
glacial	O
s	O
'	O
est	O
élevé	O
clans	O
la	O
vallée	O
du	O
Rhône	O
et	O
a	O
ravagé	O
les	O
campagnes	O
de	O
la	O
Provence	O
et	O
du	O
Bas	O
-	O
Languedoc	O
.	O

Les	O
fruits	B-prod
sont	O
presque	O
entièrement	O
perdus	O
.	O

Les	O
blés	B-prod
continuent	O
à	O
souffrir	O
de	O
la	O
sécheresse	O
.	O

La	O
vigne	O
a	O
beaucoup	O
souffert	O
aussi	O
du	O
froid	O
el	O
du	O
venl	B-loc
.	O

Berne	B-loc
.	O

—	O
Il	O
s	O
'	O
organise	O
dans	O
ce	O
canton	O
un	O
péliiionnemenl	O
pour	O
l	O
'	O
établissement	O
de	O
conseils	O
de	O
prud	O
'	O
hommes	O
,	O
destinés	O
à	O
régler	O
les	O
contestations	O
entre	O
patrons	O
et	O
ouvriers	O
.	O

Valais	B-loc
.	O

—	O
Le	O
16	B-time
,	O
un	O
nouveau	O
convoi	O
d	O
'	O
émigrants	O
,	O
au	O
moins	O
de	O
deux	O
cents	O
personnes	O
,	O
toutes	O
du	O
Haul	O
-	O
Valaîs	O
,	O
a	O
quitté	O
Sion	O
pour	O
l	O
'	O
Amérique	O
.	O

Ils	O
paraissent	O
pleins	O
de	O
confiance	O
et	O
ne	O
pas	O
faire	O
le	O
moindre	O
cas	O
d	O
'	O
un	O
bruit	O
qui	O
court	O
el	O
d	O
'	O
après	O
lequel	O
les	O
_	O
précéderas	O
émigranls	O
n	O
'	O
auraient	O
pu	O
débarquer	O
ni	O
à	O
Buénos	O
-	O
Ayrcs	O
ni	O
à	O
Montevideo	O
,	O
à	O
cause	O
du	O
choléra	O
qui	O
doit	O
sévir	O
dans	O
l	O
'	O
Amérique	O
du	O
Sud	O
.	O

—	O
On	O
parle	O
d	O
'	O
un	O
prochain	O
départ	O
,	O
aussi	O
nombreux	O
,	O
pour	O
le	O
mois	O
de	O
n	O
li	O
.	O

NEUCHATEL	B-loc
.	O

—	O
Le	O
grand	B-loc
-	I-loc
conseil	I-loc
se	O
réunit	O
le	O
27	B-time
avril	I-time
,	O
pour	O
suivre	O
et	O
achever	O
son	O
ordre	O
du	O
jour	O
de	O
la	O
dernière	O
session	O
.	O

—	O
On	O
lit	O
dans	O
VUnion	B-org
libérale	I-org
:	O
«	O
On	O
nous	O
affirme	O
que	O
la	O
commission	O
nommée	O
par	O
le	O
grand	O
-	O
conseil	O
pour	O
examiner	O
la	O
gestion	O
du	O
conseil	O
d	O
'	O
état	O
,	O
a	O
trouvé	O
dernièrement	O
,	O
en	O
faisant	O
l	O
'	O
inspection	O
des	O
prisons	O
,	O
un	O
prévenu	O
qui	O
s	O
'	O
est	O
plaint	O
d	O
'	O
attendre	O
depuis	O
des	O
mois	O
son	O
jugement	O
.	O
Informations	O
prises	O
,	O
la	O
commission	O
aurait	O
appris	O
qu	O
'	O
un	O
arrêt	O
de	O
non	O
-	O
lieu	O
avait	O
été	O
prononcé	O
,	O
il	O
y	O
a	O
environ	O
deux	O
mois	O
,	O
et	O
que	O
le	O
prisonnier	O
avait	O
été	O
oublié	O
dans	O
les	O
prisons	O
.	O
Comme	O
la	O
liberté	O
est	O
le	O
plus	O
précieux	O
bien	O
d	O
'	O
un	O
citoyen	O
,	O
nous	O
espérons	O
,	O
si	O
le	O
fait	O
est	O
exact	O
,	O
qu	O
'	O
une	O
enquête	O
sera	O
ouverte	O
el	O
que	O
le	O
service	O
des	O
prisons	O
sera	O
réorganisé	O
de	O
manière	O
à	O
empêcher	O
le	O
renouvellement	O
d	O
'	O
une	O
aussi	O
grave	O
injustice	O
.	O
»	O
—	O
M	O
.	O
le	O
professeur	O
Desor	O
vient	O
d	O
'	O
élre	O
nommé	O
par	O
le	O
conseil	O
d	O
'	O
élat	O
membre	O
du	O
conseil	O
académique	O
,	O
en	O
remplacement	O
de	O
M	O
.	O
Angus	O
!	O
e	O
Quartier	O
-	O
La	O
Tente	O
,	O
démissionnaire	O
.	O

A	O
cette	O
occasion	O
,	O
dit	O
l	O
'	O
Union	O
libérale	O
,	O
nous	O
croyons	O
être	O
l	O
'	O
écho	O
de	O
l	O
'	O
opinion	O
publique	O
en	O
demandant	O
aux	O
aulorilés	O
académiques	O
de	O
veiller	O
à	O
une	O
stricte	O
observation	O
du	O
règlement	O
de	O
discipline	O
,	O
de	O
manière	O
que	O
celle	O
nouvelle	O
institution	O
offre	O
aux	O
parents	O
toutes	O
les	O
garanties	O
de	O
régularité	O
et	O
de	O
travail	O
.	O

—	O
La	O
question	O
de	O
la	O
création	O
d	O
'	O
un	O
hôpital	O
,	O
dans	O
le	O
district	O
du	O
Val	O
-	O
de	O
-	O
Ruz	O
,	O
a	O
été	O
étudiée	O
par	O
une	O
commission	O
nommée	O
le	O
5	O
avril	O
à	O
Fontainemelon	O
,	O
dans	O
une	O
assemblée	O
de	O
délégués	O
de	O
quatorze	O
communes	O
.	O

Elle	O
a	O
décidé	O
de	O
faire	O
une	O
souscription	O
particulière	O
à	O
domicile	O
,	O
dans	O
tout	O
le	O
district	O
,	O
et	O
de	O
prier	O
les	O
communes	O
de	O
faire	O
connaître	O
pour	O
le	O
15	O
mai	O
quelles	O
sommes	O
elles	O
seraient	O
disposées	O
à	O
verser	O
pour	O
l	O
'	O
hôpital	O
projeté	O
;	O
cet	O
établissement	O
serait	O
combiné	O
de	O
manière	O
à	O
recevoir	O
aussi	O
des	O
incurables	O
.	O

On	O
pense	O
que	O
Fontainemclon	B-loc
est	O
la	O
localité	O
qui	O
offrirait	O
le	O
plus	O
d	O
'	O
avantages	O
pour	O
la	O
situation	O
de	O
cet	O
hôpital	O
.	O

—	O
Dans	O
la	O
matinée	O
du	O
mercredi	B-time
15	I-time
avril	I-time
,	O
on	O
a	O
retiré	O
de	O
l	O
'	O
Areuse	O
,	O
près	O
de	O
Môliers	O
,	O
le	O
corps	O
de	O
la	O
jeune	O
R	O
.	O

,	O
l	O
'	O
une	O
des	O
deux	O
jeunes	O
filles	O
noyées	O
accidentellement	O
dans	O
la	O
journée	O
du	O
3	O
avril	O
.	O

Ces	O
jeunes	O
filles	O
n	O
'	O
étaient	O
point	O
sœurs	O
,	O
comme	O
on	O
l	O
'	O
avait	O
dit	O
;	O
elles	O
portaient	O
chacune	O
le	O
repas	O
du	O
milieu	O
du	O
jour	O
à	O
leurs	O
parents	O
,	O
occupés	O
aux	O
travaux	O
de	O
correction	O
de	O
l	O
'	O
Areuse	O
.	O

NOUVELLES	B-loc
ÉTRANGÈRES	I-loc
ROME	B-loc
.	O

—	O
Pie	B-pers
IX	I-pers
a	O
été	O
exposé	O
plusieurs	O
jours	O
à	O
St	B-loc
-	I-loc
Pierre	I-loc
,	O
dans	O
ia	O
chapelle	O
du	O
St	O
-	O
Sacrement	O
,	O
les	O
pieds	O
en	O
dehors	O
de	O
la	O
grille	O
,	O
pour	O
que	O
les	O
fidèles	O
puissent	O
baiser	O
la	O
croix	O
brodée	O
en	O
or	O
sur	O
ses	O
pantoufles	O
de	O
velours	O
rouge	O
.	O

Il	O
était	O
revêtu	O
des	O
ornements	O
pontificaux	O
,	O
et	O
tenait	O
sur	O
sa	O
poitrine	O
le	O
crucifix	O
d	O
'	O
ivoire	O
qu	O
'	O
il	O
serrait	O
en	O
mourant	O
.	O

La	O
nuit	O
,	O
le	O
pape	O
avait	O
l	O
'	O
habitude	O
de	O
placer	O
ce	O
crucifix	O
sous	O
son	O
oreiller	O
,	O
avec	O
une	O
vieille	O
montre	O
à	O
répétition	O
.	O

Toute	O
la	O
journée	B-time
,	O
une	O
foule	O
énorme	O
a	O
défilé	O
devant	O
la	O
grille	O
.	O

Comme	O
pour	O
le	O
roi	B-pers
dans	O
la	O
chapelle	O
ardente	O
du	O
Quirinal	B-loc
,	O
on	O
laissait	O
entrer	O
tout	O
le	O
monde	O
.	O

Rien	O
de	O
plus	O
curieux	O
que	O
ce	O
pêle	O
-	O
mêle	O
incessant	O
de	O
visiteurs	O
de	O
tout	O
sexe	O
,	O
de	O
toute	O
classe	O
.	O

En	O
passant	O
,	O
les	O
fidèles	O
fléchissaient	O
un	O
genou	O
et	O
baisaient	O
un	O
des	O
pieds	O
du	O
mort	O
.	O

Parfois	O
,	O
il	O
arrivait	O
des	O
contadnii	O
de	O
la	O
campagne	O
romaine	O
,	O
les	O
femmes	O
dans	O
le	O
costume	O
si	O
populaire	O
de	O
leur	O
village	O
.	O

Ces	O
braves	O
gens	O
tombaient	O
sur	O
leurs	O
genoux	O
,	O
baisaient	O
et	O
rebaisaient	O
les	O
pantoufles	O
du	O
pape	O
,	O
l	O
'	O
appelaient	O
en	O
sanglottant	O
,	O
[	O
appliquaient	O
des	O
médailles	O
,	O
des	O
chapelets	O
ou	O
le	O
front	O
de	O
leurs	O
petits	O
enfants	O
sur	O
ses	O
p	O
ieds	O
.	O
.	O
.	O

Bref	O
,	O
il	O
fallait	O
les	O
arracher	O
de	O
là	O
pour	O
faire	O
place	O
à	O
d	O
'	O
autres	O
qui	O
trépignaient	O
d	O
'	O
impatience	O
.	O

ROKE	B-pers
.	O

12	B-time
février	I-time
.	O

—	O
Le	O
eardinai	O
-	O
eamerlingue	O
,	O
Mgr	O
Pecei	O
,	O
a	O
déclaré	O
aux	O
puissances	O
catholiques	O
qu	O
'	O
il	O
réunira	O
le	O
conclave	O
à	O
Rome	O
,	O
sans	O
préjuger	O
aucunement	O
les	O
questions	O
relatives	O
au	O
Saint	O
-	O
Siège	O
.	O

La	O
proclamation	O
du	O
nouveau	O
pape	O
sera	O
annoncée	O
du	O
grand	O
balcon	O
de	O
la	O
basilique	B-loc
vatieane	I-loc
(	O
St	B-loc
-	I-loc
Pierre	I-loc
)	O
.	O

Les	O
travaux	O
de	O
maçonnerie	O
ont	O
commencé	O
au	O
Vatican	B-loc
pour	O
empêcher	O
les	O
communications	O
entre	O
les	O
membres	O
du	O
conclave	O
.	O

La	O
dépouille	O
de	O
Pie	B-pers
IX	I-pers
sera	O
ensevelie	O
ce	O
soir	O
dans	O
un	O
tombeau	O
provisoire	O
.	O

ROME	B-loc
,	O
13	O
février	O
.	O

—	O
La	O
sépulture	O
du	O
pape	B-pers
a	O
été	O
ajournée	O
à	O
ce	O
soir	O
.	O

Environ	O
50	O
cardinaux	B-pers
sont	O
actuellement	O
présents	O
à	O
Rome	B-loc
.	O

Les	O
cardinaux	B-org
ont	O
désigné	O
les	O
personnes	O
qui	O
devront	O
être	O
enfermées	O
lundi	O
soir	O
dans	O
l	O
'	O
enceinte	O
du	O
conclave	O
avec	O
les	O
cardinaux	O
,	O
à	O
savoir	O
les	O
médecins	O
,	O
pharmaciens	O
,	O
architectes	O
,	O
barbiers	O
,	O
etc	O
.	O

Le	O
lieu	O
de	O
scrutin	O
du	O
conclave	O
sera	O
la	O
chapelle	B-loc
Sixtine	I-loc
.	O

LONDRES	B-loc
,	O
12	O
février	O
.	O

—	O
Les	O
dépêches	O
des	O
journaux	O
anglais	O
font	O
prévoir	O
l	O
'	O
entrée	O
des	O
Russes	O
à	O
Constantinople	O
.	O

On	O
croit	O
que	O
la	O
Turquie	B-loc
admettra	O
par	O
compromis	O
,	O
que	O
deux	O
vaisseaux	O
de	O
chaque	O
puissance	O
viennent	O
stationner	O
devant	O
Constantinople	O
.	O

<org>Morning	O
Morning	O
-	O
Post	I-org
apprend	O
de	O
Berlin	B-loc
que	O
l'<pers>empereur	O
'	O
empereur	O
Guillaume	I-pers
en	O
recevant	O
le	O
président	B-pers
du	I-pers
Reichstag	I-pers
a	O
dit	O
:	O
<	O
La	O
situation	O
est	O
critique	O
,	O
mais	O
l	O
'	O
on	O
ne	O
doit	O
pas	O
'	O
désespérer	O
de	O
la	O
paix	O
.	O

»	O
Même	B-time
date	I-time
.	O

—	O
Tous	O
les	O
journaux	B-org
conservateurs	I-org
sont	O
très	O
belliqueux	O
.	O

Ils	O
s	O
'	O
accordent	O
à	O
dire	O
qu	O
'	O
on	O
ne	O
peut	O
pas	O
permettre	O
aux	O
Russes	O
de	O
fermer	O
les	O
détroits	O
et	O
d	O
'	O
occuper	O
Constantinople	O
.	O

Le	O
Standard	B-org
menace	O
la	O
Russie	B-loc
et	O
la	O
Turquie	B-loc
de	O
terribles	O
représailles	O
si	O
elles	O
conspirent	O
contre	O
les	O
intérêts	O
anglais	B-loc
.	O

Quatre	O
cuirassés	O
de	O
l	O
'	O
escadre	O
de	O
la	O
Manche	O
ont	O
reçu	O
l	O
'	O
ordre	O
d	O
'	O
aller	O
à	O
Gibraltar	O
où	O
ils	O
prendront	O
de	O
nouvelles	O
instructions	O
.	O

POLA	B-loc
,	O
12	O
février	O
.	O

—	O
Le	O
vaisseau	O
à	O
casemates	O
Kaiser	B-prod
Max	I-prod
est	O
parti	O
aujourd	O
'	O
hui	O
pour	O
le	O
Levant	O
;	O
la	O
frégate	O
cuirassée	O
Habsburg	O
,	O
qui	O
a	O
à	O
son	O
bord	O
le	O
contre	O
-	O
amiral	O
Barry	O
,	O
le	O
suivra	O
probablement	O
demain	O
.	O

ST	B-loc
-	I-loc
PéTEESBODEG	O
,	O
12	O
février	O
.	O

—	O
Le	O
prince	O
Gortschakoff	O
a	O
envoyé	O
aux	O
ambassadeurs	O
russes	O
à	O
Berlin	O
,	O
Vienne	O
,	O
Londres	O
,	O
Paris	O
et	O
Rome	O
en	O
date	O
du	O
10	O
février	O
,	O
le	O
télégramme	O
suivant	O
:	O
«	O
Le	O
gouvernement	O
britannique	O
a	O
décidé	O
,	O
sur	O
les	O
rapports	O
de	O
son	O
ambassadeur	O
à	O
Constantinople	O
,	O
de	O
profiter	O
d	O
'	O
un	O
firman	O
qui	O
lui	O
avait	O
été	O
antérieurement	O
accordé	O
par	O
le	O
sultan	O
,	O
pour	O
diriger	O
une	O
partie	O
de	O
la	O
flotte	O
anglaise	O
sur	O
nople	O
,	O
alin	O
de	O
protéger	O
la	O
vie	O
et	O
la	O
sûreté	O
des	O
sujets	O
anglais	O
dans	O
cette	O
ville	O
.	O
D	O
'	O
autres	O
puissances	O
ont	O
alors	O
pris	O
des	O
mesures	O
semblables	O
eu	O
égard	O
à	O
leurs	O
propres	O
ressortissants	O
à	O
Constantinople	O
.	O
L	O
'	O
ensemble	O
de	O
ces	O
circonstances	O
nous	O
force	O
de	O
notre	O
côté	O
à	O
aviser	O
aux	O
moyens	O
de	O
_	O
protéger	O
aussi	O
les	O
chrétiens	O
dont	O
la	O
vie	O
serait	O
menacée	O
.	O
Pour	O
atteindre	O
ce	O
résultat	O
,	O
nous	O
nous	O
proposons	O
de	O
faire	O
entrer	O
à	O
Constantinople	O
une	O
partie	O
de	O
nos	O
troupes	O
.	O
»	O
L	O
'	O
Agence	O
russe	O
ajoute	O
à	O
cette	O
publication	O
que	O
des	O
ordres	O
à	O
cet	O
effet	O
ont	O
déjà	O
été	O
expédiés	O
au	O
grand	O
duc	O
Nicolas	O
.	O

SUISSE	B-loc
Carte	O
fédérale	O
de	O
lait	O
.	O

—	O
Dans	O
une	O
conférence	O
tenue	O
au	O
palais	B-loc
fédéral	I-loc
entre	O
les	O
gués	O
des	O
producteurs	O
et	O
des	O
consommateurs	O
de	O
tous	O
les	O
cantons	O
,	O
le	O
principe	O
d	O
'	O
une	O
carte	O
fédérale	O
du	O
lait	O
a	O
été	O
admis	O
à	O
l	O
'	O
unanimité	O
moins	O
la	O
voix	O
du	O
canton	O
de	O
Schwytz	O
.	O

Les	O
quantités	O
seraient	O
fixées	O
par	O
l'<org>office	O
'	O
office	O
fédéral	O
idu	O
lait	O
,	O
chaque	O
mois	O
,	O
selon	O
la	O
production	O
.	O

L	O
'	O
entrée	O
en	O
vigueur	O
est	O
prévue	O
pour	O
le	O
ler	O
novembre	O
.	O

L	O
'	O
exportation	O
du	O
bétail	O
.	O

—	O
(	O
Communiqué	O
.	O
)	O
»	O
—	O
Les	O
journaux	O
recueillent	O
un	O
bruit	O
qui	O
circule	O
depuis	O
quelques	O
jours	O
d	O
'	O
après	O
lequel	O
la	O
Suisse	O
exporterait	O
15,000	O
têtes	O
de	O
bétail	O
d	O
'	O
élevage	O
et	O
de	O
rente	O
,	O
en	O
plus	O
du	O
chiffre	O
contenu	O
dans	O
l	O
'	O
arrangement	O
.	O

commercial	O
conclu	O
avec	O
l	O
'	O
Allemagne	B-loc
.	O

Ce	O
bruit	O
est	O
faux	O
.	O

Dans	O
le	O
régime	O
des	O
_	O
compensations	O
,	O
la	O
Suisse	O
a	O
dû	O
s	O
'	O
engager	O
à	O
exporter	O
un	O
certain	O
nombre	O
de	O
pièces	O
de	O
bétail	O
.	O

Cette	O
_	O
exportation	O
aura	O
lieu	O
prochainement	O
;	O
car	O
no	O
_	O
s	O
avons	O
tout	O
,	O
intérêt	O
,	O
vu	O
la	O
pénurie	O
des	O
fourrages	O
et	O
les	O
provisions	O
modestes	O
,	O
de	O
nous	O
défaire	O
aussitôt	O
que	O
possible	O
du	O
trop	O
plein	O
.	O

En	O
outre	O
,	O
des	O
mesures	O
ont	O
été	O
prises	O
,	O
il	O
y	O
a	O
longtemps	O
déjà	O
,	O
pour	O
créer	O
des	O
réserves	O
de	O
viande	O
,	O
de	O
sorte	O
que	O
les	O
abattages	O
d	O
'	O
animaux	O
ponr	O
les	O
frigorifiques	O
pourront	O
commencer	O
incessamment	O
dans	O
la	O
mesure	O
de	O
l	O
'	O
offre	O
en	O
ibétaîl	O
d	O
'	O
e	O
boucherie	O
.	O

(	O
No	O
pourrait	O
-	O
on	O
pas	O
_	O
e	O
-	O
f	O
défaire	O
aussitôt	O
que	O
possible	O
du	O
trop	O
plein	O
»	O
en	O
le	O
livrant	O
à	O
la	O
consommation	O
indigène	O
?	O
Car	O
nous	O
savons	O
maintenant	O
ce	O
quo	O
nous	O
pouvons	O
attendre	O
du	O
régime	O
des	O
compensations	O
,	O
liais	O
il	O
est	O
écrit	O
que	O
nou	O
_	O
serons	O
jusqu	O
'	O
au	O
bout	O
les	O
dindons	O
de	O
la	O
farce	O
.	O
.	O
.	O
avec	O
la	O
connivence	O
de	O
Berne	O
)	O
.	O

Encore	O
deux	O
poids	O
,	O
deux	O
mesures	O
.	O

—	O
Ne	O
recevant	O
plus	O
cle	O
papier	O
depuis	O
quelques	O
semaines	O
,	O
le	O
vaillant	O
journal	O
hebdomadaire	O
«	O
Lo	O
Journal	O
des	O
Hellènes	O
»	O
,	O
défenseur	O
des	O
idées	O
libérales	O
vénizélistes	O
.	O

a	O
été	O
obligé	O
de	O
suspendre	O
momentanément	O
sa	O
publication	O
.	O

En	O
revanche	O
,	O
1	O
-	O
e	O
constantiniste	O
«	O
Echo	O
de	O
Grèce	O
î	O
a	O
du	O
papier	O
tant	O
qu	O
'	O
il	O
en	O
veut	O
.	O
Nouvelles	O
charges	O
tarifaires	O
,	O
—	O
Jusqu	O
'	O
à	O
présent	O
,	O
sur	O
les	O
chemins	O
de	O
fer	O
suisses	O
,	O
les	O
emballages	O
vides	O
ayant	O
servi	O
déjà	O
,	O
caisses	O
,	O
fûts	O
,	O
bonbonnes	O
,	O
bouteilles	O
,	O
etc	O
.	O
,	O
étaient	O
transportés	O
à	O
la	O
classe	O
la	O
plus	O
basse	O
du	O
tarif	O
,	O
en	O
prenant	O
pour	O
base	O
la	O
moitié	O
du	O
poids	O
réel	O
.	O
A	O
dater	O
du	O
15	O
septembre	O
,	O
la	O
mesure	O
est	O
rapportée	O
,	O
et	O
les	O
emballages	O
,	O
quels	O
qu	O
'	O
ils	O
soient	O
,	O
paieront	O
le	O
tarif	O
pour	O
la	O
totalité	O
du	O
poids	O
.	O
La	O
K	O
.	O
P	O
.	O
au	O
Conseil	O
National	O
.	O
—	O
Le	O
Conseil	O
fédéral	O
a	O
fixé	O
aux	O
12	O
et	O
13	O
octobre	O
prochain	O
la	O
votation	O
sur	O
la	O
demande	O
d	O
'	O
initiative	O
concernant	O
la	O
représentation	O
proportionnelle	O
au	O
Conseil	O
national	O
.	O
L	O
'	O
affaire	O
Jnnod	O
-	O
Bloch	O
et	O
la	O
_	O
_	O
etall	O
_	O
_	O
_	O
.	O
—	O
Nous	O
lisons	O
dans	O
la	O
«	O
Suisse	O
_	O
>	O
de	O
Genève	O
:	O
L	O
'	O
administration	O
de	O
l	O
'	O
impôt	O
de	O
guerre	O
en	O
fouillant	O
dans	O
les	O
livres	O
de	O
Jules	O
Bloch	O
,	O
a	O
constaté	O
que	O
ce	O
contribuable	O
avait	O
gagné	O
52	O
millions	O
en	O
servant	O
d	O
'	O
intermédiaire	O
entre	O
l	O
'	O
Entente	O
et	O
les	O
industriels	O
suisses	O
,	O
pour	O
la	O
livraison	O
des	O
munitions	O
.	O
L	O
'	O
Allemagne	O
,	O
elle	O
aussi	O
,	O
s	O
'	O
est	O
servie	O
d	O
'	O
un	O
intermédiaire	O
sur	O
le	O
sol	O
suisse	O
pour	O
ses	O
commandes	O
en	O
munitions	O
.	O
On	O
sait	O
que	O
cette	O
manne	O
a	O
été	O
distribuée	O
par	O
la	O
Metallum	O
,	O
société	O
anonyme	O
avec	O
siège	O
à	O
Berne	O
et	O
qui	O
n	O
'	O
est	O
qu	O
'	O
une	O
transplantation	O
,	O
sur	O
territoire	O
suisse	O
,	O
de	O
l	O
'	O
A	O
.	O
E	O
.	O
G	O
.	O
de	O
Berlin	O
.	O
Cette	O
entreprise	O
,	O
pour	O
patriotiques	O
qu	O
'	O
aient	O
pu	O
être	O
ses	O
desseins	O
,	O
n	O
'	O
en	O
est	O
pas	O
moins	O
restée	O
une	O
affaire	O
commerciale	O
.	O
Elle	O
a	O
donc	O
dû	O
faire	O
des	O
bénéfices	O
et	O
l	O
'	O
exemple	O
de	O
Jules	O
Bloch	O
démontre	O
qu	O
'	O
ils	O
ont	O
dû	O
être	O
considérables	O
.	O
Il	O
serait	O
dès	O
lors	O
intéressai	O
-	O
,	O
de	O
savoir	O
comment	O
Metallum	O
s	O
'	O
est	O
comportée	O
pour	O
l	O
'	O
acquittement	O
de	O
son	O
impôt	O
sur	O
les	O
bénéfices	O
de	O
guerre	O
?	O
L	O
'	O
office	O
de	O
l	O
'	O
impôt	O
a	O
-	O
t	O
-	O
il	O
,	O
ici	O
aussi	O
,	O
poussé	O
la	O
curiosité	O
jusqu	O
'	O
à	O
faire	O
irruption	O
dans	O
les	O
bureaux	O
pour	O
s	O
'	O
emparer	O
des	O
livres	O
de	O
comptabilité	O
,	O
ou	O
bien	O
s	O
'	O
est	O
-	O
il	O
contenté	O
de	O
la	O
première	O
déclaration	O
venue	O
en	O
croyant	O
ces	O
messieurs	O
d	O
'	O
outre	O
-	O
Rhin	O
sur	O
parole	O
?	O
Il	O
serait	O
extrêmement	O
intéressant	O
d	O
'	O
être	O
édifié	O
à	O
ce	O
sujet	O
.	O
M	O
.	O
de	O
Rathenau	O
se	O
serait	O
vanté	O
qu	O
'	O
une	O
de	O
ses	O
plus	O
grandes	O
habiletés	O
fut	O
de	O
faire	O
échapper	O
Metallum	O
au	O
fisc	O
suisse	O
.	O
M	O
.	O
Schulthess	O
est	O
très	O
au	O
courant	O
,	O
paraît	O
-	O
il	O
.	O
—	O
Du	O
z	O
Démocrate	O
»	O
:	O
Nous	O
apprenons	O
que	O
tout	O
le	O
dossier	O
de	O
l	O
'	O
affaire	O
Bloch	O
a	O
été	O
remis	O
à	O
la	O
chambre	O
d	O
'	O
accusation	O
du	O
tribunal	O
fédéral	O
,	O
qui	O
aura	O
à	O
se	O
prononcer	O
sur	O
la	O
mise	O
en	O
liberté	O
provisoire	O
de	O
M	O
.	O
Jules	O
Bloch	O
.	O

La	O
décision	O
sera	O
prise	O
d	O
'	O
ici	B-loc
quelques	O
jours	B-time
.	O

M	B-pers
.	I-pers
Bloch	I-pers
paraît	O
très	O
nerveux	O
à	O
la	O
suite	O
du	O
régime	O
auquel	O
il	O
est	O
soumis	O
;	O
les	O
procédés	O
dont	O
on	O
use	O
à	O
son	O
égard	O
le	O
mettent	O
dans	O
un	O
état	O
d	O
'	O
excitation	O
bien	O
compréhensible	O
.	O

On	O
avait	O
promis	O
vendredi	O
dernier	O
la	O
mise	O
en	O
liberté	O
sans	O
condition	O
de	O
M	B-pers
.	I-pers
Achille	I-pers
Rossé	I-pers
,	O
ancien	O
employé	O
du	O
département	O
de	O
l	O
'	O
économie	O
publique	O
,	O
qui	O
a	O
reçu	O
de	O
M	O
.	O
Bloch	O
une	O
somme	O
de	O
5000	O
fr	O
.	O

Samedi	B-time
,	O
chez	O
les	O
siens	O
,	O
on	O
attendait	O
encore	O
son	O
retour	O
.	O

C	B-org
.	I-org
F	I-org
.	O
F	O
.	O
—	O
Le	O
conseil	O
d	O
'	O
administration	O
des	O
C	O
.	O
F	O
.	O
F	O
.	O
a	O
discuté	O
les	O
propositions	O
relatives	O
h	O
l	O
'	O
octroi	O
d	O
'	O
allocations	O
de	O
renchérissement	O
aux	O
pensionnaires	O
pour	O
1918	O
.	O

Il	O
a	O
décidé	O
de	O
recommander	O
au	O
Conseil	B-org
fédéral	I-org
,	O
pour	O
être	O
soumis	O
aux	O
Chambres	O
,	O
un	O
projet	O
disant	O
:	O
«	O
L	O
'	O
administration	O
des	O
C	O
.	O
F	O
.	O
F	O
.	O
est	O
autorisée	O
à	O
verser	O
pour	O
1918	O
,	O
aux	O
anciens	O
fonctionnaires	O
,	O
employés	O
à	O
poste	O
fixe	O
et	O
ouvriers	O
vivant	O
en	O
Suisse	O
qui	O
sont	O
pensionnés	O
par	O
des	O
caisses	O
de	O
secours	O
ou	O
touchent	O
une	O
rente	O
par	O
suite	O
d	O
'	O
accident	O
donnant	O
lieu	O
à	O
responsabilité	O
civile	O
,	O
ainsi	O
qu	O
'	O
aux	O
survivants	O
d	O
'	O
anciens	O
agents	O
se	O
trouvant	O
dans	O
le	O
même	O
cas	O
,	O
un	O
subside	O
de	O
guerre	O
de	O
340	O
fr	O
.	O
par	O
invalide	O
;	O
210	O
fr	O
.	O
par	O
veuve	O
;	O
_	O
0	O
fr	O
.	O
par	O
orphelin	O
et	O
270	O
fr	O
.	O
par	O
ouvrier	O
.	O
Il	O
est	O
ouvert	O
à	O
la	O
direction	O
pour	O
le	O
paiement	O
du	O
subside	O
un	O
crédit	O
,	O
de	O
1,950,000	O
fr	O
.	O
»	O
Courbons	O
l	O
'	O
échiné	O
!	O

—	O
Le	O
peuple	O
suisse	B-loc
a	O
appris	O
avec	O
soulagement	O
,	O
joie	O
et	O
bonheur	O
que	O
la	O
douce	O
et	O
gracieuse	O
Germanie	O
va	O
lui	O
envoyer	O
300	O
tonnes	O
de	O
voies	O
Decauville	O
.	O

A	O
quel	O
prix	O
,	O
et	O
à	O
quelles	O
conditions	O
?	O

Personne	O
ne	O
le	O
dit	O
,	O
mais	O
on	O
le	O
devine	O
.	O

Par	O
contre	O
,	O
le	O
communiqué	O
quasi	O
-	O
officiel	O
sur	O
la	O
_	O
matière	O
n	O
'	O
oublie	O
pas	O
de	O
recommander	O
la	O
gratitude	O
envers	O
le	O
pays	O
qui	O
,	O
malgré	O
les	O
difficultés	O
présentes	O
,	O
nous	O
fait	O
un	O
cadeau	O
superbe	O
.	O

Ah	O
!	O
le	O
bon	O
billet	O
que	O
voilà	O
!	O

Lorsqu	O
_	O
'	O
en	O
1915	O
,	O
des	O
accapareurs	O
râflaiant	O
toutes	O
les	O
voies	O
Decauville	O
de	O
la	O
Suisse	O
,	O
et	O
au	O
vu	O
et	O
au	O
su	O
do	O
nos	O
autorités	O
,	O
leur	O
faisaient	O
prendre	O
le	O
chemin	O
que	O
vous	O
savez	O
,	O
qui	O
est	O
-	O
ce	O
qui	O
a	O
protesté	O
?	O

qui	O
est	O
-	O
ce	O
qui	O
a	O
interdit	O
l	O
'	O
exportation	O
?	O

Personne	O
,	O
n	O
'	O
est	O
-	O
ce	O
pas	O
?	O

Et	O
jourd	O
'	O
hui	O
,	O
parce	O
qu	O
'	O
il	O
faut	O
à	O
tout	O
prix	O
du	O
matériel	O
,	O
nous	O
devons	O
donner	O
à	O
la	O
place	O
lait	O
et	O
beau	O
bétail	O
,	O
puis	O
encore	O
courber	O
l	O
'	O
échiné	O
?	O

Non	O
,	O
c	O
'	O
est	O
trop	O
.	O

Relevons	O
la	O
tête	O
,	O
au	O
contraire	O
,	O
et	O
faisons	O
front	O
contre	O
les	O
gens	O
qui	O
,	O
à	O
l	O
'	O
intérieur	O
du	O
pays	O
,	O
font	O
foin	O
de	O
son	O
honneur	O
et	O
de	O
sa	O
_	O
durnito	O
.	O

La	O
contrettande	B-loc
.	O

—	O
L	O
'	O
un	O
des	O
secrétaires	O
du	O
consulat	O
d	O
'	O
Allemagne	O
à	O
Schaffhouse	O
vient	O
d	O
'	O
être	O
condamné	O
à	O
35,000	O
francs	O
d	O
'	O
amende	O
pour	O
s	O
'	O
être	O
livré	O
à	O
la	O
contrebande	O
.	O

Il	O
a	O
,	O
en	O
outre	O
,	O
été	O
expulsé	O
du	O
pays	O
.	O

C	O
'	O
est	O
le	O
troisième	O
fonctionnaire	O
allemand	O
détaché	O
à	O
ce	O
consulat	O
,	O
créé	O
depuis	O
neuf	O
mois	O
,	O
qui	O
se	O
trouve	O
inculpé	O
dans	O
des	O
affaires	O
d	O
'	O
espionnage	O
ou	O
de	O
contrebande	O
.	O

Les	O
deux	O
personnes	O
arrêtées	O
antérieurement	O
étaient	O
des	O
consuls	B-org
.	O

BERNE	B-loc
.	O

—	O
L	O
'	O
honorable	O
corporation	O
des	O
lessiveuses	O
de	O
la	O
ville	O
fédérale	O
a	O
décidé	O
d	O
'	O
augmenter	O
son	O
tarif	O
.	O

Ces	O
dames	O
demandent	O
maintenant	O
huit	B-prod
francs	I-prod
par	O
journée	O
sans	O
la	O
nourriture	O
,	O
et	O
six	O
francs	O
avec	O
la	O
nourriture	O
.	O

C	O
'	O
est	O
la	O
guerre	O
!	O

VALAIS	B-loc
.	O

—	O
Une	O
terrible	O
bagarre	O
s	O
'	O
est	O
produite	O
,	O
dans	O
la	O
journée	O
de	O
samedi	O
,	O
sur	O
la	O
place	O
de	O
Monthey	O
.	O

Les	O
quatre	O
frères	O
Comte	B-pers
,	O
chiffonniers	O
,	O
se	O
sont	O
battus	O
,	O
sous	O
l	O
'	O
influence	O
de	O
la	O
boisson	O
,	O
à	O
coups	O
de	O
couteaux	O
et	O
de	O
barres	O
de	O
fer	O
.	O

L	O
'	O
un	O
d	O
'	O
eux	O
,	O
grièvement	O
blessé	O
,	O
a	O
dû	O
être	O
transporté	O
à	O
l	O
'	O
infirmerie	O
.	O

Deux	O
autres	O
ont	O
été	O
arrêtés	O
.	O

La	O
population	B-loc
a	O
été	O
obligée	O
de	O
prêter	O
main	O
-	O
forte	O
à	O
la	O
police	B-org
.	O

"	O
FRIBOURG	B-loc
.	O

—	O
Le	O
marché	O
-	O
concours	O
de	O
taureaux	O
qui	O
s	O
'	O
est	O
ouvert	O
mercredi	O
dans	O
les	O
étables	O
du	O
Tirage	O
,	O
à	O
Bulle	O
,	O
a	O
revêtu	O
dès	O
le	O
matin	O
une	O
animation	O
extraordinaire	O
.	O

Les	O
transactions	O
ont	O
commencé	O
dès	O
l	O
'	O
arrivée	O
des	O
premiers	O
taureaux	O
.	O

La	O
journée	O
de	O
jeudi	B-time
a	O
été	O
,	O
dit	O
la	O
«	O
Liberté	O
»	O
,	O
d	O
'	O
une	O
importance	O
sans	O
égale	O
,	O
et	O
par	O
le	O
nombre	O
des	O
visiteurs	O
et	O
par	O
le	O
chiffre	O
des	O
transactions	O
effectuées	O
.	O

Il	O
a	O
été	O
primé	O
242	B-prod
taureaux	I-prod
sur	O
362	B-prod
qui	O
étaient	O
présentés	O
.	O

Jeudi	B-time
soir	O
,	O
120	O
ventes	O
étaient	O
enregistrées	O
,	O
et	O
le	O
chiffre	O
d	O
'	O
achats	O
s	O
'	O
élevait	O
à	O
200,000	O
francs	O
.	O

Une	O
vingtaine	O
de	O
taureaux	O
se	O
sont	O
payés	O
plus	O
de	O
3000	B-prod
francs	I-prod
.	O

Le	O
taurillon	O
<	O
Castor	B-prod
_	O
_	O
,	O
à	O
Mme	O
veuve	O
Gremaud	O
,	O
Riaz	O
,	O
a	O
été	O
acheté	O
pour	O
le	O
prix	O
de	O
7000	O
francs	O
.	O

La	O
commission	O
italienne	B-loc
a	O
acheté	O
12	O
taureaux	O
;	O
celle	O
de	O
Hongrie	B-loc
,	O
une	O
vingtaine	O
,	O
et	O
la	O
commission	O
suisse	O
d	O
'	O
exportation	O
,	O
30	O
.	O

Plusieurs	O
éleveurs	O
et	O
syndicats	O
vaudois	B-loc
et	O
genevois	B-loc
ont	O
également	O
fait	O
des	O
acquisitions	O
.	O

—	O
H	O
vient	O
de	O
se	O
fonder	O
sur	O
l	O
'	O
initiative	O
de	O
M	O
.	O
Musy	O
,	O
conseiller	O
d	O
'	O
Etat	O
,	O
une	O
ligue	O
pour	O
la	O
conservation	O
de	O
la	O
terre	O
fribourgeoise	O
,	O
dont	O
le	O
but	O
est	O
d	O
'	O
empêcher	O
le	O
sol	O
de	O
passer	O
en	O
mains	O
étrangères	O
.	O

GENÈVE	B-loc
.	O

—	O
Dans	O
les	O
élections	O
pour	O
un	O
conseiller	O
aux	O
Etats	O
en	O
remplacement	O
de	O
M	B-pers
.	I-pers
Ad	I-pers
.	O

Lachenal	B-pers
,	O
M	O
.	O
Henri	O
Fazy	O
,	O
président	O
du	O
Conseil	O
d	O
'	O
Etat	O
genevois	O
a	O
été	O
élu	O
par	O
6225	O
voix	O
contre	O
3762	O
à	O
M	O
.	O
Willemin	O
,	O
jeune	O
radical	O
,	O
soit	O
à	O
une	O
majorité	O
de	O
2463	O
voix	O
.	O

H	O
y	O
a	O
eu	O
le	O
50	B-time
%	I-time
d	O
'	O
abstentions	O
.	O

—	O
La	O
police	O
a	O
arrêté	O
deux	O
cambrioleurs	O
de	O
grande	O
envergure	O
,	O
un	O
réfractaire	O
turc	O
nommé	O
Seni	O
et	O
un	O
déserteur	O
français	O
nommé	O
Pétermann	O
,	O
que	O
l	O
'	O
on	O
croit	O
être	O
les	O
auteurs	O
de	O
tous	O
les	O
vols	O
importants	O
et	O
de	O
tous	O
les	O
cambriolages	O
commis	O
ces	O
derniers	O
temps	O
à	O
Genève	O
.	O

Des	O
bijoux	B-prod
et	O
des	O
pierres	B-prod
précieuses	I-prod
ont	O
été	O
retrouvés	O
en	O
leur	O
possession	O
.	O

D	O
'	O
autres	O
arrestations	O
sont	O
attendues	O
incessamment	O
,	O
car	O
on	O
a	O
l	O
'	O
impression	O
de	O
se	O
trouver	O
en	O
présence	O
d	O
'	O
une	O
bande	O
parfaitement	O
organisée	O
.	O

<prod>NOUVELLES	O
NOUVELLES	O
DIVERSES	I-prod
Pourquoi	O
ne	O
pas	O
les	O
supprimer	O
tout	O
a	O
fait	O
?	O

—	O
On	O
mande	O
de	O
Berne	B-loc
à	O
la	O
c	B-org
Zurcher	I-org
Post	I-org
»	O
:	O
Lo	O
Conseil	B-org
fédéral	I-org
va	O
soumettre	O
aux	O
Chambres	B-org
fédérales	I-org
un	O
projet	O
d	O
'	O
arrêté	O
fédéral	O
tendant	O
à	O
réduire	O
principalement	O
aux	O
questions	O
économiques	O
les	O
pleins	O
-	O
pouvoirs	O
extraordinaires	O
accordés	O
au	O
Conseil	O
fédéral	O
par	O
l	O
'	O
arrêté	O
du	O
3	O
août	O
1914	O
.	O
'	O
¦	O
Chambres	O
fédérales	O
.	O

—	O
Dans	O
la	O
séance	O
de	O
relevée	O
(	O
voir	O
page	O
précédente	O
)	O
du	O
Conseil	B-org
national	I-org
M	B-pers
.	I-pers
Cossy	I-pers
(	O
Vaud	B-loc
)	O
dit	O
qu	O
'	O
il	O
faut	O
distinguer	O
entre	O
les	O
meneurs	O
du	O
mouvement	O
et	O
ceux	O
qui	O
se	O
sont	O
laissé	O
entraîner	O
.	O

Les	O
saboteurs	O
aussi	O
doivent	O
être	O
punis	O
;	O
mais	O
la	O
responsabilité	O
principale	O
,	O
revient	O
aux	O
chefs	O
.	O

Les	O
gardes	B-org
civiques	I-org
ne	O
demandent	O
ni	O
fusils	O
,	O
ni	O
mitrailleuses	O
;	O
des	O
bâtons	O
leur	O
suffiront	O
.	O

La	O
grande	O
masse	O
du	O
peuple	O
considérerait	O
une	O
reprise	O
de	O
la	O
grève	B-prod
générale	I-prod
comme	O
une	O
violente	O
provocation	O
et	O
agirait	O
eu	O
conséquence	O
.	O

M	B-pers
.	I-pers
Huggler	I-pers
(	O
Zurich	B-loc
)	O
justifie	O
le	O
ment	O
de	O
la	O
classe	O
ouvrière	O
.	O

M	B-pers
.	I-pers
Ryser	I-pers
(	O
Jura	B-loc
bernois	I-loc
)	O
dit	O
que	O
les	O
boichévistes	O
sont	O
sur	O
le	O
banc	O
du	O
Conseil	B-org
fédéral	I-org
et	O
dans	O
la	O
majorité	O
de	O
cette	O
assemblée	O
.	O

—	O
Dans	O
sa	O
séance	O
de	O
nuit	O
commencée	O
à	O
9	B-time
h	I-time
.	O

le	O
Conseil	B-org
national	I-org
a	O
poursuivi	O
jeudi	B-time
le	O
débat	O
général	O
sur	O
la	O
grève	O
générale	O
.	O

M	B-pers
.	I-pers
Hirter	I-pers
(	O
Berne	B-loc
)	O
rappelle	O
les	O
violences	O
exercées	O
par	O
les	O
grévistes	O
à	O
Berne	B-loc
.	O

Les	O
organisateurs	O
du	O
mouvement	O
ont	O
-	O
ils	O
songé	O
au	O
danger	O
d	O
'	O
une	O
intervention	O
étrangère	O
,	O
intervention	O
contre	O
laquelle	O
,	O
au	O
demeurant	O
,	O
le	O
peuple	O
entier	O
se	O
serait	O
levé	O
?	O

,	O
C	O
'	O
est	O
à	O
la	O
bourgeoisie	O
que	O
l	O
'	O
on	O
doit	O
1	O
ce	O
-	O
maladies	O
et	O
accidents	O
,	O
la	O
Banque	O
nationale	O
,	O
l	O
'	O
amélioration	O
des	O
traitements	O
des	O
employés	O
.	O

Grâce	O
aux	O
efforts	O
de	O
la	O
Confédération	B-org
et	O
des	O
cantons	B-loc
,	O
personne	O
n	O
'	O
a	O
souffert	O
de	O
la	O
faim	O
pendant	O
la	O
guerre	O
.	O

Nous	O
espérons	O
pouvoir	O
constituer	O
_	O
,	O
un	O
fonds	O
qui	O
permette	O
d	O
'	O
introduire	O
l	O
'	O
assurance	O
vieillesse	O
et	O
invalidité	O
.	O

Le	O
montant	O
de	O
l	O
'	O
impôt	O
sur	O
les	O
bénéfices	O
de	O
guerre	O
permettra	O
de	O
réaliser	O
des	O
réformes	O
sociales	O
/	O
'	O
¦	O
L	O
'	O
orateur	O
conclut	O
en	O
disant	O
que	O
la	O
destruction	O
des	O
capitaux	O
telle	O
qu	O
'	O
elle	O
s	O
'	O
est	O
produite	O
en	O
Russie	O
serait	O
un	O
malheur	O
et	O
que	O
les	O
cheminots	O
qui	O
sont	O
_	O
employés	O
au	O
service	O
public	O
ne	O
peuvent	O
pas	O
revendiquer	O
le	O
droit	O
de	O
grève	O
.	O
Nous	O
ne	O
voulons	O
pas	O
de	O
chambardement	O
.	O
M	O
.	O
Platten	O
(	O
Zurich	O
)	O
,	O
au	O
milieu	O
de	O
l	O
'	O
hilarité	O
,	O
déclare	O
que	O
les	O
événements	O
prochains	O
pousseront	O
le	O
prolétariat	O
vers	O
les	O
boichévistes	O
,	O
alors	O
que	O
MM	O
.	O
Grimm	O
et	O
Muller	O
disent	O
que	O
le	O
bolchévisme	O
n	O
'	O
est	O
pas	O
seulement	O
une	O
méthode	O
mais	O
un	O
principe	O
.	O
Si	O
la	O
journée	O
de	O
8	O
h	O
.	O
n	O
'	O
est	O
pas	O
introduite	O
rapidement	O
,	O
la	O
grève	O
,	O
sera	O
de	O
nouveau	O
proclamée	O
.	O
M	O
.	O
Jacques	O
Schmid	O
(	O
Soleure	O
)	O
déclare	O
ne	O
pouvoir	O
rien	O
retirer	O
de	O
son	O
premier	O
discours	O
sur	O
les	O
incidents	O
de	O
Soleure	O
et	O
de	O
Granges	O
.	O
Il	O
se	O
moque	O
des	O
larmes	O
de	O
crocodile	O
versées	O
sur	O
les	O
soldats	O
morts	O
de	O
la	O
grippe	O
par	O
les	O
fabricants	O
de	O
munitions	O
qui	O
ont	O
collaboré	O
à	O
la	O
guerre	O
.	O
M	O
.	O
Reymond	O
(	O
Vaud	O
)	O
fait	O
l	O
'	O
éloge	O
de	O
l	O
'	O
armée	O
,	O
qui	O
a	O
fait	O
,	O
preuve	O
d	O
'	O
un	O
calme	O
extraordinaire	O
et	O
qui	O
mérite	O
toute	O
notre	O
confiance	O
.	O

Les	O
circonstances	O
tragiques	O
de	O
la	O
grippe	B-prod
rendent	O
nécessaires	O
des	O
sanctions	O
.	O

Le	O
gouvernement	B-org
doit	O
rester	O
ferme	O
.	O

L	O
'	O
arrestation	O
des	O
meneurs	O
de	O
la	O
grève	O
aurait	O
été	O
l	O
'	O
œuvre	O
la	O
plus	O
salutaire	O
pour	O
l	O
'	O
apaisement	O
.	O

Il	O
faut	O
en	O
finir	O
avec	O
les	O
capitulations	O
devant	O
les	O
menaces	O
et	O
le	O
chantage	O
.	O

M	B-pers
.	I-pers
Robert	I-pers
Schmid	I-pers
(	O
Zurich	B-loc
)	O
affirme	O
que	O
la	O
grève	O
générale	O
était	O
préparée	O
d	O
'	O
avance	O
,	O
malgré	O
les	O
dénégations	O
des	O
socialistes	O
,	O
et	O
que	O
les	O
grévistes	O
étaient	O
armés	O
,	O
ce	O
qui	O
a	O
été	O
constaté	O
par	O
les	O
juges	O
d	O
'	O
instruction	O
.	O

Les	O
auteurs	O
du	O
mouvement	B-prod
doivent	O
être	O
châtiés	O
.	O

Les	O
services	B-org
publics	I-org
doivent	O
être	O
assurés	O
.	O

Les	O
citoyens	B-loc
doivent	O
pouvoir	O
s	O
'	O
opposer	O
par	O
tous	O
les	O
moyens	O
aux	O
menées	O
révolutionnaires	O
.	O

(	O
Bravos	O
.	O
)	O
'	O
M	O
.	O
Musv	O
(	O
Fribourg	O
)	O
parle	O
des	O
atrocités	O
des	O
boichévistes	O
en	O
Russie	O
et	O
constate	O
que	O
Platten	O
est	O
d	O
'	O
accord	O
avec	O
eux	O
.	O

Il	O
reproche	O
aux	O
agents	O
socialistes	B-org
d	O
'	O
avoir	O
touché	O
des	O
fonds	O
russes	O
et	O
il	O
cite	O
-	O
des	O
exemples	O
.	O

L	O
'	O
orateur	O
défend	O
encore	O
les	O
Fribourgeois	O
et	O
termine	O
en	O
donnant	O
lecture	O
d	O
'	O
une	O
résolution	O
invitant	O
le	O
Conseil	O
fédéral	O
à	O
punir	O
"	O
Sévèrement	O
les	O
fauteurs	O
de	O
désordre	O
et	O
à	O
expulser	O
du	O
pays	O
tous	O
les	O
indésirables	O
,	O
petits	O
et	O
grandsen	O
-	O
culottes	O
et	O
en	O
jupons	O
.	O

(	O
Bravos	O
.	O
)	O
,	O
M	O
.	O
Graber	O
proteste	O
contre	O
certaines	O
paroles	O
de	O
M	O
.	O
Musy	O
,	O
puis	O
la	O
discussion	O
est	O
close	O
,	O
et	O
la	O
séance	O
levée	O
à	O

DERNIèRES	O
DéPêCHéE	O
Service	O
spécial	O
de	O
la	O
«	O
Feuille	B-loc
d	I-loc
'	I-loc
Avig	O
de	O
Neuchâtel	I-loc
>	O
Vers	O
une	O
nouvelle	O
note	O
Kellogg	B-pers
-	O
PARIS	B-loc
,	O
29	O
(	O
Havas	O
)	O
.	O
—	O
Une	O
dépêche	O
de	O
New	O
.	O
York	O
au	O
<	O
Petit	O
Parisien	O
»	O
dit	O
que	O
M	O
.	O
Kellogg	O
se	O
propose	O
d	O
'	O
adresser	O
aux	O
puissances	O
une	O
nouvelle	O
note	O
qui	O
reprendra	O
,	O
sous	O
une	O
forme	O
légèrement	O
modifiée	O
,	O
la	O
première	O
formule	O
Kellogg	O
et	O
proposera	O
peut	O
-	O
être	O
d	O
'	O
inscrire	O
dans	O
un	O
pré	O
.	O

ambule	O
,	O
une	O
allusion	O
à	O
la	O
sauvegarde	O
dés	O
obligations	O
-	O
internationales	O
existantes	O
,	O
-	O
_	O
>	O
.	O

'	O
'	O
;	O
•	O
.	O

;	O
„	O
.	O

:	O
_	O
«	O
-	O
En	O
oe	O
qui	O
concerne	O
la	O
rupture	O
du	O
pacte	O
par	O
la	O
violation	O
d	O
'	O
un	O
signataire	O
,	O
il	O
est	O
probable	O
que	O
la	O
note	O
sera	O
accompagnée	O
d	O
'	O
une	O
annexé	O
spécifiant	O
que	O
les	O
signataires	O
recouvreront	O
leur	O
.	O
.	O
liberté	O
d	O
'	O
action	O
envers	O
tout	O
partenaire	O
qui	O
viendrait	O
à	O
être	O
impliqué	O
dans	O
une	O
guerre	O
.	O
Quant	O
aux	O
diverses	O
autres	O
réserves	O
,	O
l	O
'	O
opinion	O
paraît	O
prévaloir	O
au	O
département	O
d	O
'	O
Etat	O
qu	O
'	O
elles	O
seront	O
simplement	O
passées	O
sous	O
silence	O
,	O
puisque	O
les	O
gouvernements	O
semblent	O
désormais	O
d	O
'	O
accord	O
pour	O
reconnaître	O
qu	O
'	O
elles	O
sont	O
implicitement	O
contenues	O
dans	O
le	O
texte	O
proposé	O
par	O
,	O
M	O
.	O
Kellogg	O
.	O
Une	O
Interview	O
de	O
M	O
.	O
Venizelos	O
-	O
LONDRES	O
,	O
29	O
(	O
Havas	O
)	O
.	O
—	O
Le	O
«	O
Daily	O
Mail	O
>	O
publie	O
un	O
exposé	O
de	O
la	O
situation	O
politique	O
en	O
Grèce	O
qui	O
a	O
été	O
fait	O
à	O
son	O
correspondant	O
par	O
M	O
.	O
Venizelos	O
.	O
L	O
'	O
homme	O
d	O
'	O
Etat	O
a	O
déclaré	O
que	O
le	O
cabinet	O
resterait	O
en	O
fonction	O
jusqu	O
'	O
à	O
la	O
création	O
du	O
Sénat	O
et	O
du	O
Conseil	O
d	O
'	O
Etat	O
prévue	O
par	O
la	O
nouvelle	O
constitution	O
.	O
Malgré	O
son	O
désir	O
de	O
ne	O
pas	O
reparaître	O
dans	O
la	O
vie	O
politique	O
,	O
M	O
.	O
Venizelos	O
y	O
a	O
été	O
.	O
contraint	O
par	O
l	O
'	O
insistance	O
de	O
ses	O
amis	O
et	O
par	O
la	O
nécessité	O
de	O
défendre	O
la	O
république	O
contre	O
les	O
royalistes	O
dont	O
la	O
presse	O
annonçait	O
comme	O
prochain	O
le	O
retour	O
de	O
Georges	O
II	O
,	O
fils	O
de	O
Constantin	O
.	O
M	O
.	O
Venizelos	O
estime	O
que	O
son	O
retour	O
va	O
calmer	O
les	O
ardeurs	O
des	O
royalistes	O
qui	O
ne	O
désirent	O
pas	O
les	O
élections	O
avec	O
lui	O
-	O
même	O
à	O
la	O
tête	O
du	O
parti	O
libéraL	O
Une	O
nouvelle	O
affaire	O
de	O
Szen	O
_	O
-	O
f	O
_	O
o	O
.	O
tl	O
.	O
ard	O
î	O
-	O
BELGRADE	O
,	O
29	O
(	O
Havas	O
)	O
.	O
—	O
Le	O
correspon	O
dant	O
de	O
Belgrade	O
du	O
journal	O
«	O
Novosti	O
>	O
,	O
.	O
de	O
.	O
Zagreb	O
,	O
annonce	O
que	O
la	O
police	O
de	O
Belgrade	O
a	O
saisi	O
en	O
gare	O
de	O
cette	O
ville	O
deux	O
vagons	O
expédiés	O
d	O
'	O
Italie	O
à	O
destination	O
de	O
la	O
Bulgarie	O
,	O
sous	O
le	O
couvert	O
d	O
'	O
une	O
mlaison	O
de	O
commerce	O
de	O
Sofia	O
.	O
Selo	O
n	O
la	O
lettre	O
de	O
voiture	O
,	O
les	O
vagons	O
qui	O
transportaient	O
des	O
munitions	O
et	O
des	O
bombes	O
,	O
devaient	O
contenir	O
des	O
oranges	O
.	O
Le	O
journal	O
ajoute	O
que	O
les	O
milieux	O
officiels	O
ne	O
donnent	O
aucune	O
confirmation	O
de	O
cette	O
nouvelle	O
et	O
que	O
,	O
d	O
'	O
autre	O
part	O
la	O
police	O
refuse	O
de	O
donner	O
des	O
renseignements	O
.	O
Un	O
match	O
auquel	O
on	O
tient	O
à	O
assister	O
La	O
location	O
des	O
places	O
donne	O
lien	O
à	O
des	O
bagarres	O
'	O
.	O
-	O
PARIS	O
,	O
29	O
(	O
Havas	O
)	O
.	O
—	O
Selon	O
le	O
«	O
Petit	O
Parisien	O
>	O
la	O
location	O
des	O
places	O
pour	O
le	O
match	O
lande	O
-	O
Uruguay	O
,	O
qui	O
se	O
jouera	O
mercredi	O
a	O
donné	O
lieu	O
à	O
de	O
vifs	O
incidents	O
.	O
7500	O
places	O
restaient	O
à	O
louer	O
et	O
30,000	O
personnes	O
désiraient	O
assister	O
au	O
match	O
.	O
De	O
sérieuses	O
bagarres	O
ont	O
eu	O
lieu	O
.	O
La	O
police	O
intervint	O
et	O
se	O
vit	O
dans	O
l	O
'	O
obligation	O
de	O
.	O
oharger	O
sabre	O
au	O
clair	O
.	O
Une	O
cinquantaine	O
de	O
blessés	O
durent	O
être	O
transportés	O
à	O
l	O
'	O
hôpital	O
.	O
Après	O
les	O
pluies	O
torrentielles	O
Désastre	O
en	O
Silésie	O
BERLIN	O
,	O
29	O
(	O
Wolff	O
)	O
.	O
—	O
La	O
«	O
Vossische	O
Zeitung	O
»	O
annonce	O
qu	O
'	O
à	O
la	O
suite	O
des	O
pluies	O
continues	O
en	O
Silésie	O
,	O
la	O
contrée	O
entre	O
Reichenbach	O
et	O
Schweitnitz	O
,	O
soit	O
15	O
km	O
.	O

de	O
long	O
sur	O
plusieurs	O
de	O
large	O
,	O
est	O
inondée	O
.	O

Les	O
villages	B-loc
environnants	I-loc
sont	O
isolés	O
en	O
partie	O
.	O

Les	O
champs	O
sont	O
remplis	O
de	O
boue	O
et	O
la	O
première	O
récolte	O
du	O
foin	B-prod
est	O
détruite	O
.	O

Les	O
pommes	B-prod
de	I-prod
-	I-prod
terre	I-prod
ont	O
été	O
arrachées	O
par	O
les	O
eaux	O
et	O
plusieurs	O
routes	B-loc
sont	O
détruites	O
.	O

Dans	O
la	O
partie	O
basse	O
de	O
Reichenbach	B-loc
et	O
de	O
Schweitnitz	B-loc
,	O
un	O
certain	O
nombre	O
de	O
constructions	O
ont	O
été	O
emportées	O
.	O

Les	O
eaux	B-prod
ont	O
charrié	O
des	O
arbres	B-prod
.	O

Dans	O
la	O
partie	O
supérieure	O
de	O
la	O
Weistritz	B-loc
,	O
une	O
maison	O
complète	O
a	O
été	O
emportée	O
.	O

Dans	O
les	O
Riesengebirge	B-loc
,	O
plusieurs	O
villages	O
du	O
territoire	O
tchèque	O
ont	O
été	O
lourdement	O
éprouvés	O
_	O
.	O

Les	O
passages	O
à	O
niveau	O
Un	O
train	O
tamponne	O
une	O
auto	O
Quatre	O
morts	O
-	O
STOCKHOLM	B-loc
,	O
29	O
(	O
Wolff	O
)	O
.	O

—	O
Un	O
grave	O
accident	O
s	O
'	O
est	O
produit	O
lundi	O
à	O
un	O
passage	O
à	O
niveau	O
dans	O
les	O
environs	O
de	O
la	O
ville	O
de	O
Sala	O
.	O

Une	O
auto	B-prod
est	O
entrée	O
eh	O
collision	O
avec	O
un	O
train	B-prod
circulant	O
à	O
toute	O
vitesse	O
,	O
fut	O
.	O

traîùée	O
par	O
la	O
_	O
locomotiVft	O
Hit	O
une	O
distance	O
de	O
200	O
mètres	O
etest	O
_	O
complètemen	O
*	O
détruite	O
.	O

Deux	O
personnes	O
sont	O
mortes	O
sur	O
place	O
.	O

Deux	O
autres	O
sont	O
décédées	O
pendant	O
leur	O
transport	O
.	O

à	O
l	O
'	O
hôpital	B-loc
.	O

Une	O
cinquième	O
personne	O
est	O
en	O
danger	O
de	O
mort	O
et	O
deux	O
autres	O
sont	O
légèrement	O
blessées	O
.	O

_	O
Encore	O
une	O
fausse	O
pista	O
Le	O
meurtre	O
du	O
Toujquet	B-loc
-	O
PARIS	B-loc
,	O
29	O
(	O
Havas	O
)	O
.	O

—	O
Une	O
dépêche	O
du	O
_	O
Tbu	O
*	O
quet	O
aux	O
journaux	O
annonce	O
que	O
l	O
'	O
ouvrier	O
recherché	O
à	O
propos	O
du	O
meurtre	O
de	O
Mme	O
Wilson	O
a	O
été	O
arrêté	O
hier	O
à	O
Truay	O
.	O

Tout	O
laisse	O
à	O
penser	O
qu	O
'	O
il	O
ne	O
sera	O
pas	O
inculpé	O
à	O
propos	O
de	O
ce	O
meurtre	O
,	O
car	O
il	O
a	O
fourni	O
un	O
alibi	O
qui	O
a	O
été	O
trouvé	O
"	O
exact	O
VL	O
sera	O
cependant	O
maintenu	O
,	O
en	O
prison	O
,	O
.	O

car	O
il	O
a	O
-	O
été	O
condamné	O
,	O
il	O
y	O
a	O
quelques	O
mois	O
,	O
à	O
90	O
joùrs	O
'	O
de	O
prison	O
pour	O
voL	O
tes	O
incidents	O
italo	O
-	O
serbes	O
'	O
•	O
Manifestations	O
réprimées	O
-	O
BELGRADE	O
,	O
29	O
(	O
Avala	O
)	O
.	O

—	O
Les	O
étudiants	O
ont	O
tenté	O
dans	O
la	O
soirée	O
de	O
manifester	O
dans	O
les	O
rues	O
de	O
Belgrade	B-loc
contre	O
l	O
'	O
Italie	B-loc
,	O
mais	O
la	O
police	O
,	O
sa	O
conformant	O
aux	O
ordres	O
formels	O
reçus	O
du	O
miâi	O
_	O
*	O
tre	O
.	O

de	O
iTntérieur	B-org
,	O
intervint	O
énergiquemènt	O
-	O
t	O
dispersa	O
les	O
manifestants	O
.	O

Le	O
calme	O
règne	O
à	O
Belgrade	B-loc
et	O
dans	O
les	O
aulrèvilles	O
.	O

_	O
Nouvel	O
attentat	O
à	O
Buenos	B-loc
-	I-loc
Ayres	I-loc
BUENOS	B-loc
-	I-loc
AYRES	I-loc
,	O
28	O
(	O
Havas	O
)	O
.	O

—	O
Une	O
grosse	O
bombe	O
a	O
éclaté	O
hier	O
dans	O
la	O
demeure	O
de	O
M	B-pers
.	I-pers
César	I-pers
Aseltra	I-pers
,	O
ancien	O
lieutenant	O
-	O
colonel	O
italien	O
,	O
,	O
Ôi	O
_	O
croit	O
que	O
cet	O
attentat	O
est	O
l	O
'	O
œuvre	O
d	O
'	O
anti	O
-	O
fascistes	O
.	O

il	O
n	O
'	O
y	O
a	O
aucune	O
victime	O
.	O

La	O
maison	B-loc
menace	O
da	I-loc
S	O
'	O
écrouler	O
.	O

Wilkins	B-pers
et	O
Eielson	B-pers
à	O
Copenhague	B-loc
-	O
COPENHAGUE	B-loc
,	O
29	O
(	O
Havas	O
)	O
.	O

—	O
Les	O
aviateur	B-prod
.	O

Wilkins	B-pers
et	O
EielsOn	B-pers
sont	O
arrivés	O
lundi	B-time
après	O
-	O
midi	O
parle	O
courrier	O
aérien	O
d	O
'	O
Oslo	O
.	O

Ils	O
ont	O
été	O
escor	O
_	O
»	O
tés	O
par	O
trois	O
appareils	O
militaires	O
danois	O
.	O

I	O
/	O
enquête	O
Japonaise	B-loc
dans	O
le	O
Chantoung	B-loc
-	O
PARIS	B-loc
,	O
29	O
(	O
Havas	O
)	O
.	O

—	O
Le	O
«	O
Petit	B-prod
Journal	I-prod
_	O
_	O
i	O
publie	O
la	O
dépêche	O
suivante	O
de	O
Londres	O
:	O
Un	O
message	O
de	O
Tokio	O
annonce	O
le	O
retour	O
d	O
«	O
fonctionnaire	O
chargé	O
par	O
le	O
gouvernement	O
jl	O
_	O
-	O
ponais	O
d	O
'	O
une	O
enquête	O
sur	O
les	O
émeutes	O
anti	O
-	O
japonaises	O
dans	O
le	O
Chantoung	O
.	O

Le	O
résultat	O
de	O
cette	O
enquête	O
formera	O
la	O
base	O
d	O
'	O
une	O
note	O
que	O
le	O
gOii	O
_	O
vernement	O
japonais	O
se	O
propose	O
d	O
'	O
envoyer	O
à	O
la	O
S	O
.	O
<	O
LN	O
.	O

Les	O
pattes	O
des	O
oies	O
Les	O
«	O
Annales	B-prod
coloniales	I-prod
>	O
françaises	O
fournissent	O
un	O
amusant	O
exemple	O
de	O
la	O
roublardise	O
arabe	O
:	O
Mohamed	B-pers
porte	O
deux	O
oies	O
rôties	O
au	O
pacha	B-pers
.	O

Ayant	O
faim	O
,	O
il	O
arrache	O
une	O
cuisse	O
à	O
chaque	O
oie	O
et	O
la	O
dévore	O
.	O

.	O

Fureur	O
du	O
pacha	B-pers
qui	O
,	O
le	O
lendemain	O
,	O
les	O
oie	O
*	O
mangées	O
,	O
fait	O
appeler	O
Mohammed	O
:	O
—	O
Tu	O
as	O
osé	O
m	O
'	O
offrir	O
des	O
oies	O
n	O
'	O
ayant	O
qu	O
'	O
une	O
patte	O
?	O

—	O
Seigneur	O
,	O
toutes	O
les	O
oies	O
n	O
'	O
ont	O
qu	O
'	O
une	O
patte	O
l	O
Voyez	O
plutôt	O
1	O
H	O
ntantre	O
,	O
dang	O
la	O
cour	O
du	O
palais	O
,	O
un	O
trouvés	O
.	O

u	O
d	O
'	O
oies	O
endormies	O
.	O

Les	O
bêtes	O
sont	O
sur	O
une	O
seule	O
patte	O
.	O

Le	O
pacha	B-pers
frappe	O
dans	O
ses	O
uniains	O
.	O

Les	O
oies	B-prod
se	O
réveillent	O
et	O
se	O
sauvent	O
sur	O
deux	O
pattes	O
.	O

—	O
Eh	O
bien	O
I	O
fait	O
le	O
pacha	B-pers
.	O

—	O
Eh	O
bien	O
!	O
répond	O
Mohammed	O
,	O
avant	O
de	O
manger	O
mes	O
deux	O
oies	O
,	O
voug	O
avez	O
sans	O
douté	O
oublié	O
de	O
frapper	O
dans	O
vos	O
mains	O
_	O
.	O

.	O
.	O
.	O
et	O
les	O
incendies	O
THALWIL	B-loc
.	O

14	B-time
.	O
—	O
Mardi	O
,	O
à	O
3	O
h	O
.	O

30	B-time
du	I-time
matin	I-time
_	O
.	O

un	O
incendie	O
a	O
éclaté	O
dans	O
un	O
ancien	O
moulin	O
,	O
à	O
Gattikon	O
,	O
près	O
de	O
Thalwil	O
.	O

Le	O
grand	O
bâtiment	B-prod
a	O
été	O
entièrement	O
détruit	O
,	O
tandis	O
que	O
seuls	O
les	O
combles	O
de	O
la	O
maison	O
attenante	O
ont	O
brûlé	O
.	O

Dans	O
le	O
bâtiment	O
incendié	O
se	O
trouvaient	O
les	O
locaux	O
de	O
l'<org>entreprise	O
'	O
entreprise	O
des	O
frères	O
Bretscher	I-org
,	O
fabrique	O
d	O
'	O
appareils	O
électriques	O
,	O
et	O
une	O
menuiserie	O
.	O

Les	O
deux	O
entreprises	B-org
occupaient	O
une	O
vingtaine	O
d	O
'	O
ouvriers	O
.	O

Les	O
machines	O
et	O
les	O
provisions	O
sont	O
restées	O
dans	O
les	O
flammes	O
.	O

La	O
maison	B-prod
était	O
assurée	O
pour	O
70	O
mille	O
francs	B-loc
et	O
la	O
fabrique	B-prod
pour	O
93,000	O
.	O

On	O
ignore	O
encore	O
les	O
causes	O
du	O
sinistre	B-prod
.	O

THALWIL	B-loc
,	O

14	B-time
.	O
—	O
Au	O
sujet	O
de	O
l	O
'	O
incendie	O
dé	O
Gattikon	O
,	O
on	O
annonce	O
encore	O
que	O
le	O
feu	O
a	O
dè	O
_	O
^	O
truit	O
au	O
deuxième	O
étage	O
de	O
l	O
'	O
entrepôt	O
40	O
buffets	O
,	O
une	O
quantité	O
de	O
bois	O
brut	O
et	O
des	O
outils	O
.	O

Les	O
dégâts	O
sont	O
évalués	O
à	O
plus	O
de	O
200.000	B-prod
fr	I-prod
.	O

;	O
ils	O
ne	O
sont	O
couverts	O
que	O
partiellement	O
par	O
l	O
'	O
assurance	O
.	O

Les	O
pompiers	B-org
des	O
environs	O
ont	O
été	O
alarmés	O
par	O
dés	O
coups	O
de	O
mortier	O
,	O
des	O
sirènes	O
et	O
les	O
cloches	O
,	O
Us	O
ont	O
mis	O
quinze	O
lances	O
en	O
activité	O
.	O

WAENGI	B-org
,	O

14	B-time
.	O
—	O
Dans	O
la	O
nuit	O
de	O
lundi	O
à	O
mardi	O
,	O
peu	O
après	O
minuit	O
,	O
le	O
feu	O
a	O
éclaté	O
dans	O
la	O
maison	O
de	O
M	O
.	O
Meier	O
-	O
Bâr	O
,	O
menuisier	O
et	O
ébéniste	O
à	O
Wângi	O
(	O
Thurgovie	O
)	O
,	O
Le	O
feu	O
a	O
pris	O
rapidement	O
de	O
l	O
'	O
extension	O
.	O

La	O
maison	O
d	O
'	O
habitation	O
,	O
les	O
ateliers	O
,	O
le	O
magasin	O
et	O
un	O
hangar	O
dans	O
lequel	O
étaient	O
entreposées	O
de	O
grandes	O
quantités	O
de	O
bois	O
,	O
ont	O
été	O
entièrement	O
détruits	O
.	O

MURI	B-pers
,	O

14	B-time
.	O
—	O
Un	O
incendie	O
a	O
éclaté	O
,	O
il	O
y	O
a	O
quelques	O
jours	O
,	O
dans	O
les	O
tourbières	O
de	O
Bùnz	O
,	O
en	O
Argovie	O
.	O

Le	O
feu	O
a	O
pris	O
d	O
'	O
amples	O
proportions	O
.	O

Une	O
épaisse	O
fumée	O
a	O
obscurci	O
la	O
campagne	B-loc
.	O

Lundi	B-time
soir	O
,	O
l	O
'	O
incendie	O
n	O
'	O
était	O
pas	O
encore	O
circonscrit	O
.	O

LUCERNE	B-loc
,	O
14	O
—	O
Un	O
incendie	O
a	O
éclaté	O
dans	O
une	O
forêt	O
près	O
de	O
Neudorf	O
.	O

Le	O
sinistre	O
a	O
pu	O
être	O
limité	O
grâce	O
aux	O
efforts	O
des	O
pompiers	O
de	O
quatre	O
communes	B-loc
voisines	I-loc
.	O

La	O
tâche	O
des	O
pompiers	B-org
a	O
été	O
très	O
difficile	O
,	O
car	O
le	O
terrain	O
contient	O
de	O
la	O
tourbe	O
en	O
forte	O
proportion	O
.	O

D	O
'	O
autre	O
part	O
,	O
l	O
'	O
eau	O
a	O
dû	O
être	O
prise	O
à	O
un	O
réservoir	O
situé	O
à	O
une	O
distance	O
de	O
500	O
mètres	O
dans	O
la	O
montagne	O
.	O

Les	O
dégâts	O
sont	O
considérables	O
.	O

BREMGARTEN	B-loc
(	O
Argovie	B-loc
)	O
,	O

14	B-time
.	O
—	O
Les	O
tourbières	O
de	O
Bunzen	O
sont	O
en	O
feu	O
depuis	O
quelques	O
jours	O
.	O

A	O
plusieurs	O
reprises	O
,	O
on	O
croyait	O
avoir	O
éteint	O
l	O
'	O
incendie	O
qui	O
recommence	O
toujours	O
et	O
prend	O
de	O
grandes	O
proportions	O
.	O

L	O
'	O
exposition	O
de	O
Sièrre	O
SIERRE	O
,	O

14	B-time
.	O
—	O
I	O
_	O
a	O
deuxième	O
exposition	O
cantonale	O
valaisanne	O
s	O
'	O
est	O
ouverte	O
mardi	O
matin	O
par	O
un	O
cortège	O
où	O
figuraient	O
le	O
Conseil	O
d	O
'	O
Etat	O
in	O
corpore	O
,	O
les	O
autorités	O
de	O
Sierre	O
,	O
le	O
clergé	O
et	O
des	O
groupes	O
costumés	O
.	O

A	O
10	B-time
h	I-time
.	O

<pers>M.	O
,	O
M	O
.	O
Troillet	I-pers
,	O
Conseiller	O
d	O
'	O
Etat	O
,	O
président	O
de	O
l	O
'	O
Association	O
a	O
ouvert	O
l	O
'	O
exposition	O
,	O
à	O
laquelle	O
Mgr	O
Biéler	O
,	O
évêque	O
de	O
Sion	O
,	O
a	O
donné	O
sa	O
bénédiction	O
.	O

Puis	O
a	O
suivi	O
la	O
visite	B-prod
officielle	I-prod
.	O

Au	O
dîner	O
,	O
servi	O
à	O
la	O
cantine	O
,	O
M	O
.	O
Troillet	O
a	O
souhaité	O
à	O
tous	O
la	O
bienvenue	O
.	O

M	B-pers
.	I-pers
Gard	I-pers
,	O
avocat	O
,	O
commissaire	O
général	O
,	O
a	O
pris	O
la	O
parole	O
au	O
nom	O
des	O
autorités	O
de	O
Sierre	O
;	O
il	O
a	O
adressé	O
ses	O
remerciements	O
au	O
gouvernement	O
du	O
Valais	O
et	O
à	O
tous	O
ses	O
collaborateurs	O
.	O

.	O

L	O
'	O
après	O
-	O
midi	O
,	O
les	O
journalistes	O
se	O
sont	O
rendus	O
_	O
ep	O
auto	O
dans	O
le	O
Val	O
d	O
'	O
Anniviers	O
où	O
ils	O
ont	O
été	O
les	O
hôtes	O
de	O
la	O
municipalité	O
de	O
Vissoye	O
et	O
de	O
la	O
bourgeoisie	O
de	O
'	O
Grimentz	O
.	O

Singulière	O
aventure	O
ORBE	B-loc
,	O

15	B-time
.	O
—	O
Une	O
aventure	O
singulière	O
est	O
arrivée	O
,	O
lundi	O
matin	O
,	O
à	O
deux	O
dames	O
genevoises	O
qui	O
faisaient	O
une	O
excursion	O
en	O
automobile	O
.	O

Arrivées	O
sur	O
le	O
Signal	B-loc
,	O
petite	O
colline	O
située	O
à	O
l	O
'	O
entrée	O
nord	O
de	O
la	O
ville	O
,	O
elles	O
voulurent	O
subitement	O
changer	O
de	O
direction	O
.	O

A	O
cet	O
effet	O
,	O
elles	O
descendirent	O
de	O
machine	O
et	O
décidèrent	O
de	O
faire	O
ce	O
tit	O
-	O
travail	O
à	O
la	O
force	O
de	O
leurs	O
bras	O
.	O

Mal	O
leur	O
en	O
prit	O
,	O
car	O
l	O
'	O
automobile	O
engagée	O
sur	O
la	O
pente	O
triompha	O
de	O
leurs	O
muscles	O
et	O
dévala	O
parmi	O
les	O
champs	O
à	O
toute	O
vitesse	O
,	O
traversa	O
une	O
vigne	O
,	O
bouleversant	O
les	O
ceps	O
,	O
brisant	O
quelques	O
petits	O
arbres	O
,	O
et	O
arracha	O
un	O
fort	O
pommier	O
,	O
pour	O
échouer	O
quelques	O
mètres	O
plus	O
loin	O
,	O
dans	O
une	O
haie	O
.	O

L	O
'	O
automobile	B-prod
a	O
passablement	O
souffert	O
,	O
tout	O
l	O
'	O
avanttrain	O
et	O
le	O
radiateur	O
sont	O
complètement	O
enfoncés	O
.	O

H	O
n	O
'	O
y	O
a	O
heureusement	O
pas	O
d	O
'	O
accident	O
de	O
personnes	O
,	O
mais	O
on	O
se	O
représente	O
facilement	O
l	O
'	O
émotion	O
ressentie	O
par	O
les	O
deux	O
pauvres	O
dames	O
,	O
assistant	O
impuissantes	O
à	O
la	O
course	O
folle	O
et	O
à	O
la	O
destruction	O
de	O
leur	O
machine	O
.	O

RÉPUBLIQUE	B-loc
HELVÉTIQUE	I-loc
.	O

JOURNAL	B-org
DU	I-org
CORPS	I-org
LÉGISLATIF	I-org
,	O
ET	O
BULLETIN	O
OFFICIEL	O
des	O
autorités	O
du	O
Canton	O
du	O
Léman	O
*	O
Grand	O
Confeil	O
Samedi	O
14	O
Juillet	O
,	O
Suite	O
.	O

—	O
La	O
commiffion	O
chargée	O
d	O
'	O
examiner	O
la	O
dénonciatldri	O
du	O
Directoire	O
que	O
,	O
dans	O
plufieurs	O
communes	O
,	O
on	O
fe	O
refufe	O
'	O
à	O
porter	O
la	O
cocarde	O
nationale	O
,	O
&	O
que	O
même	O
on	O
fe	O
permet	O
de	O
Pinfulter	O
,	O
fait	O
fon	O
rapport	O
.	O

Elle	O
propofe	O

:	O
1	O
.	O
Une	O
invitation	O
au	O
Directoire	O
de	O
faire	O
une	O
proclamation	O
à	O
ce	O
fujet	O

;	O
2	O
.	O
Huit	O
jours	O
après	O
la	O
proclamation	O
,	O
celui	O
qui	O
ne	O
portera	O
pas	O
la	O
cocarde	O
nationale	O
,	O
fera	O
mis	O
en	O
prifon	O
-	O
pendàhÉ	O
vingtTquatre	O
heures	O
,	O
après	O
une	O
réprimande	O
du	O
Préfet	O
national	O
.	O

-	O
3	B-time
.	O

A	O
la	O
fecdnde	O
tranfgreflîon	O
^	O
le	O
Tribunal	B-org
de	I-org
Gantori	B-loc
condamnera	I-loc
le	I-loc
refractaire	I-loc
à	I-loc
quinze	I-loc
jours	I-loc
de	I-loc
prifon	I-loc
.	I-loc

4	O
.	O
A	O
la	O
troifième	O
transgreflïon	O
j	O
il	O
fera	O
criminellement	O
:	O
pourfuivi	O
,	O
comme	O
perturbateur	O
du	O
repos	O
public	O
.	O

5	O
.	O
Quiconque	O
infulte	O
au	O
Citoyen	O
à	O
caufe	O
de	O
la	O
cocarde	O
nationale	O
qu	O
'	O
il	O
porte	O
,	O
fera	O
pour	O
la	O
première	O
fois	O
condamne	O
à	O
quinze	O
jours	O
de	O
prifon	O
parle	O
tribunal	O
de	O
Canton	O
!	O

S	O
'	O
il	O
récidive	O
j	O
il	O
fera	O
criminellement	O
pourfuivi	O
comme	O
pèrtQr	O
*	O
bateur	O
du	O
repos	O
public	O
.	O

:	O
?	O

i	O
5	O
:	O
>	O
)	O
La	O
difcuflion	O
s	O
'	O
ouvre	O
fur	O
ce	O
projet	O
.	O

Fi	B-pers
^	I-pers
nv	I-pers
Secretan	I-pers
,	O
Ca	O
*	O
rrard	O
,	O
Huffi	O
,	O
Bourgeois	O
&	O
Haas	O
attaq	O
-	O
iîa	O
'	O
rfif	O
tour	O
-	O
à	O
-	O
tour	O
les	O
articles	O
2,3	O
,	O
&	O
4	O
du	O
rapport	O
de	O
la	O
comtmiffion	O
,	O
&	O
distinguent	O
la	O
première	O
partie	O
de	O
là	O
féconde	O
;	O
V	O
*	O
Celui	O
qui	O
ofe	O
infultet	O
aux	O
couleurs	O
nationales	O
eft	O
un	O
agitateur	O
^	O
un	O
perturbateur	O
de	O
la	O
paix	O
publique	O
.	O

Celui	O
par	O
contre	O
qui	O
ne	O
porte	O
pas	O
la	O
Cocarde	B-prod
,	O
peut	O
pécher	O
par	O
ignorance	O
*	O
pâi	O
négligence	O
ou	O
par	O
oubli	O
.	O

—	O
L	O
'	O
un	O
mérite	O
d	O
'	O
être	O
ctifitenu	O
par	O
le	O
châtiment	O
;	O
loutre	O
doit	O
être	O
ramené	O
par	O
la	O
douceur	O
*	O
*	O
—	O
Si	O
un	O
citoyen	O
refufe	O
de	O
porter	O
Ja	O
cocarde	O
nationale	O
t	O
peut	O
-	O
être	O
eft	O
-	O
il	O
mal	O
informé	O
'	O
t	O
U	O
faut	O
donc	O
le	O
conviiin	O
6	O
re	O
.	O

.	O

»	O
i	B-pers
Tome	I-pers
Ut	I-pers

Suisse	B-loc
.	O

Une	O
dépèche	O
de	O
S	O
.	O
A	O
.	O
le	O
prince	O
ds	O
Metternich	O
,	O
datée	O
de	O
Vienne	O
,	O
lé	O
7	O
janvier	O
dernier	O
,	O
et	O
adressée	O
à	O
S	O
.	O
E	O
.	O
M	O
.	O
l	O
'	O
avoyer	O
de	O
V	O
/	O
aueville	O
,	O
président	O
de	O
la	O
confédération	O
,	O
contient	O
la	O
réponse	O
suivante	O
à	O
celle	O
dont	O
était	O
porteur	O
M	O
.	O
le	O
baron	O
V	O
^	O
n	O
Berchem	O
,	O
commissaire	O
suisse	O
pour	O
les	O
rentes	O
sur	O
le	O
Mont	O
de	O
Milan	O
:	O
"	O
Je	O
sens	O
trop	O
le	O
juste	O
intérêt	O
qu	O
'	O
inspire	O
la	O
situation	O
des	O
créanciers	O
suisses	O
pœur	O
ne	O
pas	O
contribuer	O
,	O
en	O
tout	O
ce	O
qui	O
peut	O
dépendre	O
de	O
moi	O
,	O
à	O
les	O
faire	O
entrer	O
,	O
le	O
plutôt	O
possible	O
,	O
en	O
jouissance	O
des	O
rentes	O
qu	O
'	O
ils	O
réclament	O
,	O
et	O
il	O
m	O
'	O
est	O
agréable	O
de	O
pouvoir	O
annoncer	O
à	O
V	O
.	O
Ex	O
.	O
que	O
si	O
des	O
accidens	O
imnrévus	O
ont	O
retardé	O
,	O
au	O
-	O
delà	O
de	O
mon	O
attente	O
,	O
la	O
fixation	O
définitive	O
des	O
bases	O
d	O
'	O
un	O
mode	O
de	O
répartition	O
et	O
de	O
piyement	O
,	O
dont	O
il	O
était	O
indispensable	O
que	O
les	O
différens	O
gouvernements	O
intéressés	O
convinssent	O
préalablement	O
entr	O
'	O
eux	O
,	O
cette	O
négociation	O
est	O
enfin	O
parvenue	O
à	O
un	O
point	O
où	O
rien	O
ne	O
saurait	O
plus	O
obliger	O
la	O
Cour	O
impériale	O
,	O
à	O
se	O
prêter	O
à	O
de	O
nouveaux	O
retards	O
:	O
,	O
,	O
.	O
La	O
commission	O
fédérale	O
d	O
'	O
inspection	O
militaire	O
a	O
terminé	O
ses	O
séan	O
ses	O
à	O
Berne	O
le	O
7	O
de	O
ce	O
mois	O
.	O
Indépendamment	O
des	O
travaux	O
qui	O
se	O
j	O
rattachent	O
à	O
son	O
institution	O
,	O
elle	O
s	O
'	O
est	O
oscupée	O
du	O
projet	O
d	O
'	O
une	O
école	O
militaire	O
centrale	O
,	O
qui	O
sera	O
présenté	O
à	O
la	O
prochaine	O
diète	O
.	O
-	O
-	O
'	O
,	O
.	O
,	O
.	O
.	O
1	O
Le	O
directoire	O
fédéral	O
a	O
donné	O
connaissance	O
aux	O
gouvernemens	O
cantonnaux	O
des	O
rapports	O
qui	O
lui	O
ont	O
été	O
adressés	O
par	O
les	O
consuls	O
Suisses	O
à	O
Trieste	O
,	O
Marseille	O
et	O
Livourne	O
,	O
sur	O
les	O
approvisionnemens	O
et	O
les	O
arrivages	O
des	O
blés	O
.	O
On	O
s	O
'	O
attend	O
aux	O
prix	O
les	O
plus	O
bas	O
,	O
et	O
tout	O
annonce	O
que	O
,	O
dans	O
ces	O
ports	O
,	O
une	O
abondance	O
presqu	O
'	O
alarmante	O
va	O
succéder	O
à	O
l	O
'	O
extrême	O
pénurie	O
de	O
l	O
'	O
année	O
dernière	O
.	O
M	O
.	O
le	O
conseiller	O
Luthy	O
de	O
Soleure	O
est	O
arrivé	O
le	O
2	O
mars	O
à	O
Bâle	O
,	O
chargé	O
par	O
son	O
gouvernement	O
de	O
diverses	O
propositions	O
relatives	O
à	O
l	O
'	O
é	O
.	O
ection	O
des	O
nouveaux	O
evéchés	O
.	O
Cette	O
démarche	O
ne	O
pouvait	O
offrir	O
de	O
résultat	O
,	O
puisque	O
le	O
canton	O
de	O
Bâle	O
a	O
définitivement	O
adhéré	O
au	O
plan	O
formé	O
par	O
ceux	O
de	O
Lucerne	O
et	O
de	O
Berne	O
.	O
Dans	O
lWrgovic	O
,	O
on	O
a	O
publié	O
le	O
résultat	O
de	O
3	O
travaux	O
du	O
tribunal	O
d	O
'	O
appel	O
pondant	O
l	O
'	O
année	O
dernière	O
.	O
On	O
ne	O
remarque	O
dans	O
ce	O
tableau	O
qu	O
'	O
une	O
seule	O
sentence	O
de	O
mort	O
ren	O
'	O
due	O
contre	O
un	O
incendiaire	O
,	O
damné	O
par	O
le	O
tribunal	O
inférieur	O
à	O
20	O
années	O
de	O
fers	O
.	O
A	O
St	O
.	O
Gall	O
,	O
le	O
grand	O
conseil	O
s	O
'	O
est	O
réuni	O
du	O
?	O
au	O
7	O
de	O
ce	O
mois	O
.	O
II	O
s	O
'	O
est	O
occupé	O
de	O
quelques	O
élections	O
,	O
et	O
des	O
comptes	O
rendus	O
par	O
le	O
petit	O
conseil	O
,	O
puis	O
de	O
tiois	O
projets	O
importans	O
,	O
l	O
'	O
un	O
sut	O
le	O
nouveau	O
système	O
de	O
l	O
'	O
administration	O
des	O
seîours	O
publics	O
,	O
le	O
second	O
sur	O
les	O
mariages	O
des	O
pauvres	O
et	O
les	O
moyens	O
de	O
les	O
restreindre	O
,	O
le	O
troisième	O
sur	O
divers	O
changemens	O
à	O
la	O
législation	O
,	O
concernant	O
les	O
enfans	O
naturels	O
.	O
Cette	O
assemblée	O
a	O
d	O
'	O
ailleurs	O
entendu	O
un	O
rapport	O
sur	O
les	O
dTfferens	O
avec	O
la	O
Thurgovie	O
,	O
et	O
en	O
a	O
ajourné	O
la	O
discussion	O
dans	O
l	O
'	O
espoir	O
d	O
'	O
un	O
arrangement	O
amiable	O
.	O
Il	O
a	O
enfiri	O
accepté	O
un	O
proj	O
:	O
t	O
de	O
loi	O
sur	O
les	O
enterremens	O
des	O
suicides	O
.	O
A	O
Genève	O
,	O
le	O
conseil	O
d	O
'	O
état	O
,	O
vu	O
les	O
changemens	O
faverables	O
survenus	O
dans	O
les	O
prix	O
des	O
grains	O
et	O
autres	O
commestibles	O
,	O
a	O
révoqué	O
,	O
le	O
9	O
de	O
ce	O
mois	O
,	O
toutes	O
les	O
mesures	O
prohibitives	O
et	O
accordé	O
la	O
libre	O
exportation	O
des	O
grains	O
,	O
farines	O
,	O
pumaies	O
de	O
tetre	O
et	O
légumes	O
farineux	O
,	O
A	O
Bâ	O
'	O
e	O
,	O
la	O
société	O
consacrée	O
à	O
l	O
'	O
encouragement	O
des	O
établissemens	O
d	O
'	O
utilité	O
générale	O
,	O
vient	O
de	O
publier	O
son	O
41	O
rapport	O
.	O
Les	O
institu	O
»	O
tions	O
dont	O
elle	O
rend	O
compte	O
sont	O
:	O
la	O
caisse	O
des	O
malades	O
pauvres	O
;	O
la	O
société	O
chargée	O
de	O
mettre	O
en	O
apprentissage	O
les	O
jeunes	O
gens	O
sans	O
fortune	O
;	O
l	O
'	O
école	O
des	O
filles	O
;	O
le	O
concours	O
des	O
instituteurs	O
des	O
écoles	O
primaires	O
et	O
les	O
primes	O
accordées	O
au	O
zèle	O
et	O
au	O
talent	O
.	O
;	O
la	O
ciisse	O
d	O
'	O
épa	O
-	O
gne	O
;	O
la	O
bibliothèque	O
de	O
la	O
jeunesse	O
;	O
l	O
'	O
établissement	O
des	O
soupes	O
économiques	O
;	O
l	O
'	O
école	O
du	O
dessin	O
et	O
du	O
chant	O
;	O
et	O
l	O
'	O
éeole	O
en	O
faveur	O
des	O
familles	O
des	O
papetiers	O
pauvres	O
.	O
Ce	O
tableau	O
suffira	O
pour	O
prouver	O
que	O
rien	O
de	O
ce	O
qui	O
peut	O
contribuer	O
à	O
affermir	O
les	O
mœurs	O
et	O
à	O
consoler	O
l	O
'	O
indigence	O
,	O
n	O
'	O
est	O
étranger	O
a	O
cette	O
institution	O
.	O
D	O
'	O
après	O
plusieurs	O
rapports	O
auxquels	O
on	O
peut	O
ajouter	O
confiance	O
,	O
la	O
suspension	O
du	O
recrutement	O
suisse	O
en	O
France	O
,	O
doit	O
être	O
attribuée	O
à	O
une	O
opération	O
de	O
liquidation	O
momentannée	O
dans	O
les	O
financer	O
.	O
On	O
assure	O
en	O
général	O
,	O
que	O
,	O
malgré	O
les	O
réclamations	O
qui	O
,	O
récemment	O
encore	O
se	O
sont	O
fait	O
entendre	O
contre	O
le	O
service	O
étranger	O
,	O
les	O
craintes	O
qu	O
'	O
elles	O
avaient	O
fait	O
naître	O
sur	O
le	O
prochain	O
licenciement	O
des	O
régimens	O
Suisse	O
:	O
,	O
n	O
'	O
ont	O
aucun	O
fondement	O
.	O
Ces	O
rapports	O
semblent	O
d	O
'	O
autant	O
plus	O
authentiques	O
que	O
,	O
d	O
'	O
après	O
une	O
réponse	O
que	O
le	O
ministre	O
de	O
la	O
guerre	O
a	O
donnée	O
récemment	O
à	O
S	O
.	O
A	O
,	O
R	O
.	O
le	O
colonel	O
-	O
général	O
des	O
Suisses	O
,	O
au	O
sujet	O
de	O
la	O
suspension	O
de	O
leur	O
recrutement	O
,	O
il	O
parait	O
que	O
le	O
vrai	O
but	O
de	O
cetf	O
mesure	O
,	O
préparée	O
d	O
'	O
ailleurs	O
dès	O
longtems	O
,	O
est	O
d	O
'	O
assimiler	O
ces	O
troup	O
.	O
es	O
aux	O
troupes	O
nationales	O
pour	O
la	O
formation	O
des	O
corps	O
et	O
leur	O
organisation	O
.	O
Le	O
prince	O
Adam	O
Jablonowiski	O
est	O
parti	O
il	O
y	O
a	O
quelques	O
jours	O
de	O
Varsovie	O
pour	O
Soleure	O
,	O
où	O
il	O
vient	O
recevoir	O
la	O
dépouille	O
mortelle	O
du	O
général	O
Koskiusko	O
.	O
On	O
apprend	O
de	O
Bâle	O
que	O
la	O
mort	O
de	O
S	O
.	O
M	O
.	O
le	O
rni	O
de	O
Suède	O
a	O
vivement	O
affecté	O
son	O
neveu	O
,	O
animé	O
pour	O
le	O
monarque	O
défunt	O
des	O
souvenirs	O
les	O
plus	O
touchans	O
et	O
les	O
plus	O
honorables	O
.	O
Cet	O
événement	O
lui	O
a	O
été	O
annoncé	O
non	O
-	O
seulement	O
par	O
la	O
reine	O
douairière	O
,	O
mais	O
par	O
une	O
lettre	O
du	O
roi	O
régnant	O
,	O
dont	O
toutes	O
les	O
démarches	O
sont	O
marquées	O
au	O
coin	O
de	O
la	O
modération	O
,	O
de	O
la	O
sagesse	O
et	O
de	O
la	O
dignité	O
.	O
Dans	O
la	O
nuit	O
du	O
7	O
au	O
S	O
"	O
,	O
et	O
particulièrement	O
dans	O
la	O
matinée	O
du	O
g	O
jusqu	O
'	O
à	O
midi	O
,	O
an	O
vent	O
très	O
impétueux	O
du	O
sud	O
ouest	O
a	O
abattu	O
à	O
Ge	O
:	O
ièva	O
plusieurs	O
cheminées	O
,	O
cassé	O
ou	O
violemment	O
ébranlé	O
un	O
grand	O
nombre	O
d	O
'	O
arbres	O
.	O

Son	O
impétuosité	O
était	O
plus	O
grande	O
qu	O
'	O
on	O
ne	O
l	O
'	O
ait	O
remarqué	O
dès	O
longtems	O
,	O
et	O
l	O
'	O
on	O
a	O
calculé	O
que	O
sa	O
vitesse	O
était	O
de	O
24	O
à	O
28	O
lieues	O
par	O
heure	O
.	O

Le	O
consistoire	B-org
réformé	I-org
de	O
Hambourg	B-loc
,	O
ayant	O
femand	O
;	O
à	O
celui	O
de	O
Genève	O
un	O
sujet	O
capable	O
de	O
.	O

remplir	O
les	O
fonctions	O
d	O
*	O
pas	O
<	O
eur	O
à	O

France	B-loc
.	O

PARIS	B-loc
JO	B-org
juillet	B-time
.	O

Une	O
,	O
ordonnance	O
de	O
S	O
.	O
M	O
.	O
en	O
date	O
du	O
24	O
juillet	O
,	O
porte	O
que	O
M	O
.	O
le	O
baron	O
de	O
Vitrolles	O
cessera	O
de	O
faire	O
partie	O
de	O
son	O
conseil	O
privé	O
,	O
&	O
d	O
'	O
être	O
porté	O
sur	O
la	O
liste	O
des	O
ministres	O
d	O
'	O
état	O
.	O

En	O
(	O
'	O
occupant	O
de	O
la	O
conspiration	O
,	O
on	O
a	O
longtems	O
cherché	O
qui	O
était	O
le	O
générai	O
ChapecUlaine	O
,	O
dont	O
il	O
n	O
'	O
a	O
jamais	O
été	O
question	O
dans	O
les	O
annales	O
militaires	O
de	O
la	O
France	O
.	O

On	O
a	O
enfin	O
appris	O
qu	O
'	O
il	O
a	O
autrefois	O
commandé	O
une	O
-	O
division	O
royaliste	O
dans	O
les	O
départemens	O
de	O
l	O
'	O
ouest	O
&	O
qu	O
'	O
il	O
a	O
ensuite	O
été	O
amnistié	O
sous	O
Bonaparte	O
.	O

Les	O
trois	O
au	B-org
.	O

tics	O
accusés	O
étaient	O
en	O
relation	O
intime	O
avec	O
le	O
général	O
Canuel	B-pers
.	O

Plusieurs	O
membres	O
de	O
la	O
chambre	B-org
des	I-org
pairs	I-org
ont	O
été	O
assignés	O
&	O
en	O
*	O
tendus	O
comme	O
témoins	O
devant	O
le	O
juge	B-pers
d	O
'	O
instruction	O
.	O

On	O
nomme	O
parmi	O
eux	O
MM	B-pers
.	I-pers
de	I-pers
Chatetubriant	I-pers
,	O
Dubouchage	O
,	O
Fitzjaraes	O
&	O
Polignac	O
,	O
L	O
'	O
enquête	O
judiciaire	O
&	O
les	O
débats	O
publics	O
ne	O
tarderont	O
pas	O
d	O
'	O
éclair	O
,	O
cit	O
cette	O
affaire	O
.	O

-	O
jH	B-pers
.	O

Canuel	B-pers
a	O
fait	O
citer	O
pour	O
le	O
I	B-time
août	I-time
,	O
M	O
.	O
de	O
Chabrol	O
,	O
ancien	O
«	O
fcii	O
oMiïhonévBes	O
^	O
ûeV	O
'	O
OBCren	O
prévôt	O
de	O
Lyon	O
,	O
etpinsleûrt	O
«	O
trtes	O
-	O
personnes	O
,	O
soit	O
pour	O
déposer	O
dans	O
la	O
plainte	O
en	O
calomnie	O
ée	O
en	O
ce	O
moment	O
au	O
tribunal	O
,	O
soit	O
pour	O
intervenir	O
s	O
'	O
il	O
y	O
a	O
lieu	O
.	O
Dn	O
croit	O
néanmoins	O
que	O
l	O
'	O
on	O
demandera	O
une	O
nouvelle	O
remise	O
à	O
witaine	O
.	O
Trois	O
des	O
frères	O
du	O
prince	O
-	O
régent	O
passeront	O
bientôt	O
à	O
Calais	O
:	O
le	O
iuc	O
df	O
>	O
Cambridge	O
,	O
le	O
duc	O
de	O
Kent	O
&	O
le	O
duc	O
de	O
Clarence	O
.	O
Le	O
journal	O
de	O
Lyon	O
donne	O
les	O
détails	O
du	O
déplorable	O
événement	O
de	O
Vcrmaison	O
.	O
C	O
'	O
était	O
dit	O
-	O
il	O
,	O
une	O
heure	O
du	O
matin	O
;	O
déjà	O
la	O
musique	O
appelait	O
les	O
jouteurs	O
,	O
&	O
commandait	O
l	O
'	O
attention	O
des	O
spectateurs	O
plates	O
sur	O
le	O
rivage	O
.	O
A	O
la	O
distance	O
de	O
30	O
pieds	O
environ	O
,	O
un	O
grand	O
bâteau	O
était	O
disposé	O
pour	O
recevoir	O
les	O
jeunes	O
filles	O
du	O
village	O
,	O
qui	O
choisies	O
dans	O
les	O
familles	O
les	O
plus	O
considérées	O
,	O
devaient	O
embellir	O
cette	O
tête	O
.	O
Déjà	O
plusieurs	O
d	O
'	O
entr	O
'	O
elles	O
avaient	O
pris	O
place	O
,	O
&	O
appeliielt	O
leurs	O
compagnes	O
.	O
L	O
'	O
empressement	O
de	O
celles	O
-	O
ci	O
était	O
extrême	O
.	O
Une	O
barque	O
légère	O
reçoit	O
environ	O
16	O
personnes	O
;	O
&	O
deux	O
jeunes	O
gens	O
ùu	O
pays	O
la	O
conduisent	O
.	O
Mais	O
,	O
-	O
encore	O
à	O
peu	O
de	O
distancé	O
du	O
bord	O
,	O
ils	O
veulent	O
,	O
en	O
faisant	O
balancer	O
le	O
bateau	O
,	O
s	O
'	O
amuser	O
de	O
la	O
crainte	O
des	O
dîmes	O
qui	O
s	O
'	O
y	O
trouvent	O
.	O
Fatale	O
imprudence	O
!	O
la	O
frayeur	O
cause	O
lonvetnent	O
;	O
l	O
'	O
équilibre	O
se	O
rompt	O
,	O
&	O
la	O
barque	O
chavire	O
.	O
Des	O
cris	O
délirant	O
se	O
font	O
entendre	O
;	O
une	O
partie	O
des	O
passagers	O
regagne	O
avec	O
P	O
(	O
ine	O
le	O
rivage	O
.	O
Mais	O
sept	O
malheureuses	O
victimes	O
demeurent	O
engloutit	O
»	O
dans	O
les	O
flots	O
.	O

Plusieurs	O
d	O
'	O
entr	O
'	O
elles	O
ont	O
été	O
retirées	O
de	O
l	O
'	O
eau	O
;	O
ntis	O
aucune	O
n	O
'	O
a	O
pu	O
être	O
rappelée	O
à	O
la	O
vie	O
.	O

Les	O
malheureux	O
de	O
la	O
commune	O
-	O
de	O
Marsannè	B-loc
(	O
Drôme	B-loc
)	O
,	O
qui	O
Client	O
été	O
mordus	O
par	O
un	O
loup	O
enragé	O
,	O
comptaient	O
déjà	O
,	O
au	O
s	O
juil	O
'	O
,	O
lctV	O
jour	O
de	O
leur	O
accident	O
,	O
&	O
étaient	O
en	O
toute	O
sécurité	O
,	O
à	O
raison	O
du	O
Plongé	O
fortement	O
établi	O
,	O
que	O
tout	O
danger	O
cesse	O
le	O
41	O
jour	O
.	O

Cet	O
P	O
'	O
it	O
vient	O
d	O
'	O
être	O
cruellement	O
trompé	O
.	O

Le	O
2	B-time
de	O
ce	O
mois	O
la	O
fille	O
Bau	B-pers
-	I-pers
Mfd	I-pers
éprouva	O
un	O
violent	O
aceès	O
de	O
rage	O
;	O
ses	O
parens	O
furent	O
forcés	O
de	O
,	O
'	O
fuir	O
&	O
de	O
l	O
'	O
enfermer	O
dans	O
la	O
chambré	O
qu	O
'	O
elle	O
occupait	O
;	O
elle	O
s	O
'	O
y	O
'	O
"	O
'	O
aà	O
des	O
actes	O
du	O
plus	O
affreux	O
délire	O
;	O
enfin	O
,	O
après	O
s	O
'	O
être	O
calmée	O
par	O
1	O
?	O

naisiement	O
de	O
ses	O
forces	O
,	O
elle	O
se	O
jeta	O
sur	O
un	O
lit	O
,	O
appela	O
ses	O
pa	O
'	O
?	O
?	O
.	O
?	O
,	O
$	O
lçyr	O
disant	O
qu	O
'	O
ils	O
né	O
risquaient	O
plus	O
d	O
'	O
être	O
mordus	O
.	O

Alors	O
il	O
»	O
entrèrent	O
&	O
l	O
'	O
attachèrent	O
avec	O
les	O
draps	O
,	O
de	O
manière	O
cependant	O
i	O
ne	O
pas	O
trop	O
la	O
fatiguer	O
.	O

Bientôt	O
survint	O
un	O
troisième	O
accès	O
,	O
&	O
la	O
ffltladt	O
ne	O
tarda	O
pas	O
d	O
'	O
y	O
succomber	O
.	O

U	O
vient	O
d	O
'	O
entrer	O
à	O
St	O
.	O

Malo	B-loc
,	O
sous	O
pavillon	O
prussien	O
,	O
une	O
goè	O
'	O
ette	O
\	O
\	O
%	O
Domingue	O
.	O

Le	O
capitaine	O
rapport	O
,	O
que	O
la	O
mort	O
d	O
«	O
Pétion	O
n	O
'	O
a	O
apporté	O
aucun	O
changement	O
dans	O
l	O
'	O
île	O
,	O
que	O
son	O
successeur	O
a	O
été	O
in	O
$	O
a	O
talié	O
avec	O
pompe	O
,	O
&	O
que	O
lés	O
hostilités	O
ont	O
cessé	O
entre	O
lui	O
&	O
Chris	O
-	O
'	O
tophe	O
;	O
que	O
les	O
soldats	O
de	O
ce	O
dernier	O
désertent	O
en	O
grand	O
nombre	O
,	O
pour	O
se	O
réunir	O
apx	O
troupes	O
de	O
son	O
compétiteur	O
,	O
enfin	O
que	O
les	O
rranc	O
,	O
ais	O
sont	O
parfaitement	O
bien	O
vus	O
dans	O
la	O
partie	O
gouvernée	O
par	O
Boyer	O
,	O
,	O
M	O
^	O
le	O
cardinal	O
duc	O
de	O
Bayane	O
,	O
pair	O
de	O
France	O
,	O
est	O
mort	O
subite	O
,	O
ment	O
la	O
dernière	O
nuit	O
à	O
Paris	O
âgé	O
de	O
79	O
an	O
*	O
.	O

Il	O
avait	O
beaucoup	O
tfibué	O
-	O
à	O
l	O
'	O
établissement	O
du	O
concordat	O
de	O
«	O
8	O
o	O
>	O
i	O
,	O
et	O
ce	O
fut	O
cette	O
mém	O
«	O
'	O
année	O
que	O
Pie	O
Vil	O
l	O
'	O
eleva	O
à	O
la	O
pourpre	O
Romaine	O
.	O

On	O
.	O

commence	O
à	O
se	O
rassurer	O
sur	O
l	O
'	O
épidémie	O
qui	O
a	O
éclaté	O
dans	O
l	O
'	O
aie	O
de	O
Corse	O
,	O
et	O
dont	O
le	O
principal	O
théâtre	O
était	O
Aiaccio	O
II	O
résuke	O
du	O
rapport	O
des	O
médecins	O
que	O
cette	O
maladie	O
est	O
du	O
nombre	O
de	O
cesfièvre	O
*	O
appelées	O
thypus	O
,	O
mais	O
qui	O
n	O
'	O
a	O
rien	O
du	O
caractère	O
pestilentiel	O
qu	O
'	O
on	O
lutV	O
'	O
fJvait	O
attribué	O
,	O
-	O
On	O
ne	O
'	O
doute	O
point	O
en	O
conséquence	O
q	O
?	O

jis	O
les	O
quarantaines	O
des	O
ports	O
de	O
France	B-loc
et	O
d	O
'	O
Italie	B-loc
si	O
nuisibles	O
au	O
commerce	O
de	O
la	O
Corse	B-loc
né	O
soient	O
incessamment	O
levées	O
,	O
'	O
.	O
.	O
.	O
.	O

'	O
.	O

-	O
.	O

:	O
.	O

'	O
.	O

.	O
.	O

-	O
.	O

.	O

3	O

ESPAGNE	B-loc
.	O

MADRID	B-loc
19	B-time
Juin	I-time
.	O

La	O
désolation	O
est	O
parmi	O
nos	O
absolutistes	B-org
.	O

L	O
'	O
armée	O
d	O
'	O
Oporto	O
est	O
devenue	O
tellement	O
imposante	O
qu	O
'	O
elle	O
ne	O
laisse	O
plus	O
aucun	O
espoir	O
aux	O
partisans	O
de	O
don	O
Miguel	O
.	O

Ce	O
prince	B-pers
vient	O
d	O
'	O
adresser	O
à	O
la	O
princesse	O
de	O
Beira	O
,	O
sa	O
sœur	O
,	O
des	O
dépêches	O
qui	O
,	O
à	O
en	O
juger	O
par	O
la	O
mauvaise	O
humeur	O
qu	O
'	O
en	O
a	O
éprouvée	O
cette	O
princesse	O
,	O
ne	O
doivent	O
pas	O
être	O
favorable	O
à	O
la	O
cause	O
de	O
l	O
'	O
infant	O
.	O

L	O
'	O
armée	O
d	O
'	O
Oporto	O
occupe	O
Coïmbre	O
;	O
elle	O
est	O
composé	O
;	O
:	O
de	O
13	O
réginîens	O
commandés	O
par	O
le	O
général	O
Cadaval	O
;	O
I	O
'	O
avarit	O
-	O
gàrSe	O
;	O
forte	O
de	O
7	O
autres	O
régimens	O
,	O
est	O
sous	O
les	O
ordres	O
du	O
général	O
Fons	O
;	O
Parvenue	O
à	O
7	O
ou	O
S	O
lieues	O
au	O
-	O
delà	O
de	O
Coïmbre	O
,	O
elle	O
a	O
eu	O
un	O
en	O
»	O
gagement	O
avec	O
quelques	O
détachemens	O
de	O
l	O
'	O
armée	O
migueliste	O
eê	O
les	O
a	O
repousses	O
avec	O
perte	O
.	O

Nos	O
absolutistes	O
continuent	O
à	O
se	O
cotiser	O
pour	O
envoyer	O
des	O
fonds	O
!	O
en	O
Portugal	O
.	O

Plusieurs	O
officiers	O
de	O
l	O
'	O
ancienne	O
armée	O
de	O
la	O
Foi	O
en	O
1823	O
,	O
et	O
notamment	O
le	O
lieutenant	O
du	O
curé	O
Mérino	O
,	O
sont	O
partis	O
pour	O
ce	O
royaume	O
,	O
où	O
ils	O
vont	O
offrir	O
leurs	O
services	O
à	O
ddn	O
Miguel	O
.	O

Le	O
gouvernement	O
vient	O
d	O
'	O
expédier	O
des	O
ordres	O
très	O
-	O
précis	O
aux	O
:	O
autorités	O
frontières	O
du	O
Portugal	O
,	O
pour	O
leur	O
enjoindre	O
d	O
'	O
avoir	O
l	O
'	O
œil	O
ouvert	O
sur	O
ce	O
qui	O
se	O
passe	O
chez	O
nos	O
voisins	O
et	O
d	O
'	O
en	O
sur	O
-	O
le	O
-	O
champ	O
le	O
gouvernemnnt	O
.	O

On	O
leur	O
prescrit	O
aussi	O
de	O
ne	O
permettre	O
à	O
aucun	O
détachement	O
portugais	B-loc
,	O
quel	O
que	O
soit	O
le	O
parti	O
auquel	O
il	O
appartienne	O
,	O
d	O
'	O
entrer	O
armé	O
sur	O
notre	O
territoire	O
,	O
et	O
d	O
'	O
empêcher	O
les	O
espagnols	O
de	O
passer	O
en	O
Portugal	O
.	O

<	O
.	O

'	O
.	O

FRANCE	B-loc
.	O

CHAMBRE	B-org
DES	I-org
DÉPUTÉS	I-org
;	O
.	O

Séance	O
du	O
27	B-time
juin	I-time
.	O

La	O
chambre	O
s	O
'	O
est	O
occupée	O
dans	O
cette	O
séance	O
du	O
budget	O
de	O
§	O
dépenses	O
pour	O
!	O

829	B-time
;	O
et	O
les	O
régimens	O
suisses	O
capitules	O
en	O
France	B-loc
ont	O
encore	O
été	O
attaqués	O
et	O
défendus	O
par	O
quelques	O
orateurs	O
.	O

Qu	O
'	O
est	O
-	O
ce	O
que	O
la	O
capitulation	O
des	O
suisses	O
,	O
a	O
dit	O
M	O
.	O
Salverte	O
?	O

C	O
'	O
est	O
un	O
subside	O
à	O
leur	O
profit	O
,	O
un	O
impôt	O
pour	O
les	O
français	O
qui	O
payent	O
leur	O
solde	O
;	O
,	O
tandis	O
que	O
nos	O
soldats	O
seraient	O
entretenus	O
à	O
bien	O
meilleur	O
marché	O
.	O

Oh	B-pers
dit	O
que	O
les	O
engagemens	O
sont	O
pris	O
,	O
et	O
que	O
nous	O
devons	O
les	O
exécuter	O
avec	O
là	O
inème	O
loyauté	O
que	O
les	O
suisses	O
les	O
exécutent	O
eux	O
-	O
mêmes	O
.	O

Je	O
crois	O
bien	O
que	O
les	O
suisses	B-loc
trouvent	O
cet	O
arrangement	O
agréable	O
.	O

Je	O
l	O
'	O
ai	O
entendu	O
dire	O
à	O
plusieurs	O
d	O
'	O
entr	O
'	O
enx	O
.	O

Rien	O
de	O
plus	O
commode	O
pour	O
eux	O
que	O
de	O
se	O
former	O
d	O
'	O
excellentes	O
troupes	O
,	O
non	O
-	O
seulement	O
en	O
ne	O
payant	O
rien	O
,	O
mais	O
en	O
rece	O
-	O
<	O
vaut	O
de	O
fortes	O
sommes	O
.	O

Mais	O
enfin	O
,	O
précisément	O
parce	O
que	O
ces	O
capitulations	O
sont	O
fort	O
utiles	O
aux	O
suisses	O
,	O
elles	O
nous	O
sont	O
onéreuses	O
.	O

Ne	O
serait	O
-	O
il	O
pas	O
d	O
'	O
une	O
bonne	O
administration	O
de	O
négocier	O
,	O
à	O
cet	O
égard	O
,	O
la	O
réduction	O
d	O
'	O
une	O
dépense	O
qui	O
est	O
pour	O
nous	O
sans	O
compensation	O
.	O

'	O
Car	O
certainement	O
6000	O
-	O
Français	B-loc
sont	O
aussi	O
braves	O
et	O
aussi	O
bons	O
soldats	O
que	O
6000	O
suisses	B-loc
,	O
et	O
si	O
la	O
guerre	O
venait	O
à	O
éclater	O
contre	O
la	O
Suisse	O
,	O
elle	O
aurait	O
la	O
liberté	O
de	O
retirer	O
ses	O
régimens	O
.	O

M	B-pers
.	I-pers
le	I-pers
ministre	I-pers
de	I-pers
la	I-pers
guerre	I-pers
à	O
dir	O
que	O
cet	O
article	O
même	O
des	O
capitulations	O
nous	O
est	O
encore	O
profitable	O
,	O
parce	O
que	O
les	O
suisses	O
ne	O
feraient	O
la	O
guerre	O
que	O
pour	O
empêcher	O
l	O
'	O
invasion	O
de	O
leurs	O
cantons	O
,	O
et	O
eri	O
même	O
tems	O
polir	O
préserver	O
la	O
France	O
.	O

C	O
'	O
est	O
voir	O
,	O
ce	O
me	O
semble	O
,	O
l	O
'	O
avenir	O
d	O
'	O
une	O
manière	O
bien	O
riante	O
,	O
et	O
oublier	O
un	O
peu	O
trop	O
le	O
passé	O
.	O

M	B-pers
.	I-pers
de	I-pers
Conny	I-pers
a	O
défendu	O
les	O
suisses	B-loc
.	O

On	O
a	O
calculé	O
,	O
dit	O
-	O
il	O
,	O
les	O
dépenses	O
des	O
régimens	O
suisses	O
au	O
service	O
dé	O
France	O
,	O
et	O
^	O
l	O
'	O
on	O
a	O
manifesté	O
des	O
regrets	O
sur	O
cette	O
coutume	O
d	O
'	O
appeler	O
des	O
régimens	O
étrangers	O
dans	O
nos	O
armées	O
.	O

Les	O
suisses	B-loc
ont	O
ouvert	O
leur	O
territoire	O
à	O
l	O
'	O
indépendance	O
,	O
ils	O
l	O
'	O
ont	O
fermé	O
à	O
l	O
'	O
oppression	O
.	O

De	O
tout	O
temps	O
ils	O
*	O
furent	O
'	O
nos	O
fidèles	O
alliés	O
;	O
les	O
soldats	O
suisses	O
sont	O
français	O
par	O
leurs	O
souvenirs	O
.	O

Au	O
10	B-time
août	I-time
-	O
ils	O
ont	O
prouvé	O
qu	O
'	O
ils	O
savaient	O
mourir	O
pour	O
rester	O
fidèles	O
a	O
leur	O
serment	O
,	O
et	O
dès	O
ce	O
jour	O
le	O
sang	O
versé	O
sur	O
les	O
marches	O
du	O
trôné	O
a	O
rendu	O
indissoluble	O
l	O
'	O
antique	O
alliance	O
de	O
la	O
France	O
et	O
de	O
l	O
'	O
Helvétie	O
.	O

Né	O
calculons	O
point	O
ici	O
ce	O
que	O
nous	O
leur	O
donnons	O
,	O
car	O
ils	O
*	O
nous	O
ont	O
donné	O
leur	O
sang	O
au	O
temps	O
de	O
nos	O
malheurs	O
:	O
ils	O
l	O
'	O
ont	O
versé	O
pour	O
la	O
canse	O
la	O
plus	O
sacrée	O
.	O

Ne	O
soyons	O
pas	O
ingrats	O
envers	O
de	O
tels	O
souvenirs	O
,	O
et	O
que	O
les	O
enfans	O
de	O
ces	O
montagnes	O
,	O
marchant	O
sous	O
nos	O
enseignes	O
,	O
continuent	O
à	O
faire	O
respecter	O
le	O
nom	O
français	O
et	O
à	O
rappeler	O
,	O
par	O
leur	O
présence	O
dans	O
nos	O
rangs	O
,	O
l	O
'	O
exemple	O
de	O
la	O
plus	O
héroïque	O
fidélité	O
.	O

—	O
Bourse	B-loc
du	O
2	B-time
S	I-time
.	O
—	O
Cinq	O
pour	O
cent	O
,	O
105.55	O
.	O

—	O
Trois	O
pour	O
cent	O
72.30	O
.	O

—	O
Ducats	B-prod
,	O
76.50	O
.	O

MARSEILLE	B-loc
28	B-time
Juin	I-time
.	O

Nous	O
recevons	O
de	O
Tunis	B-loc
les	O
nouvelles	O
suivantes	O
:	O
Dès	O
militaires	O
turcs	B-loc
,	O
réunis	O
à	O
des	O
marins	O
échappés	O
à	O
l	O
'	O
affairé	O
de	O
Navarin	O
,	O
avaient	O
formé	O
le	O
projet	O
de	O
faire	O
main	O
-	O
basse	O
sur	O
les	O
européens	O
,	O
dans	O
le	O
double	O
but	O
de	O
piller	O
et	O
d	O
'	O
exercer	O
un	O
acte	O
de	O
vengeance	O
.	O

Ils	O
voulaient	O
profiter	O
de	O
l	O
'	O
absence	O
du	O
bey	O
,	O
qui	O
devait	O
aller	O
passer	O
quinze	O
jours	O
à	O
Biserte	O
,	O
et	O
dé	O
celle	O
de	O
sa	O
garde	O
.	O

Mais	O
le	O
complot	O
a	O
été	O
découvert	O
et	O
le	O
bey	B-pers
a	O
ajourné	O
son	O
départ	O
.	O

Des	O
mesures	O
ont	O
été	O
prises	O
pour	O
contenir	O
les	O
mutins	O
;	O
mais	O
"	O
on	O
n	O
'	O
a	O
pu	O
empêcher	O
quelques	O
insultes	O
particulières	O
.	O

M	B-pers
.	I-pers
Blanche	I-pers
.	O

-	O
nay	B-pers
entr	I-pers
'	O
autres	O
,	O
sujet	O
anglais	O
,	O
a	O
été	O
grièvement	O
blessé	O
en	O
rentrant	O
chez	O
lui	O
le	O
soir	O
.	O

Le	O
bey	B-pers
a	O
pris	O
les	O
mesures	O
les	O
plus	O
énergiques	O
pour	O
faire	O
rentrer	O
les	O
perturbateurs	O
dans	O
le	O
devoir	O
.	O

Tout	O
annonce	O
que	O
la	O
tranquillité	O
est	O
parfaitement	O
rétablie	O
.	O

AFRIQUE	B-loc
.	O

Les	O
<org>groupes	O
françaises	I-org
ont	O
pris	O
possession	O
deBelidah	O
,	O
et	O
complété	O
l	O
'	O
occupation	O
de	O
tout	O
le	O
territoire	O
qui	O
est	O
cédé	O
à	O
la	O
France	O
.	O

Le	O
maréchal	B-pers
Valée	I-pers
s	O
'	O
est	O
rendu	O
le	O
3	O
mai	O
aux	O
avant	O
-	O
postes	O
,	O
et	O
il	O
s	O
'	O
est	O
présenté	O
devant	O
Bélidah	O
à	O
la	O
tète	O
de	O
plusieurs	O
régimens	O
,	O
qui	O
ont	O
débouché	O
simultanément	O
de	O
divers	O
côtés	O
.	O

Les	O
chefs	O
arabes	O
se	O
sont	O
rendus	O
aussitôt	O
auprès	O
de	O
lui	O
,	O
et	O
l	O
'	O
ont	O
accompagné	O
,	O
dans	O
la	O
reconnaissance	O
qu	O
'	O
il	O
a	O
faite	O
,	O
de	O
l	O
'	O
enceinte	O
de	O
la	O
ville	O
,	O
pour	O
déterminer	O
l	O
'	O
emplacement	O
des	O
deux	O
camps	O
,	O
qui	O
doivent	O
dominer	O
les	O
rincipales	O
communications	O
aboutissant	O
à	O
Bélidah	O
.	O

Un	O
grand	O
nombre	O
d	O
'	O
Arabes	B-loc
ont	O
formé	O
la	O
haie	O
sur	O
son	O
passage	O
,	O
l	O
'	O
arme	O
au	O
pied	O
,	O
comme	O
témoignage	O
de	O
leur	O
soumission	O
.	O

Le	O
peu	O
d	O
'	O
obstacles	O
que	O
cette	O
opération	O
a	O
éprouvés	O
,	O
est	O
une	O
garantie	O
nouvelle	O
du	O
maintien	O
de	O
la	O
paix	O
.	O

Les	O
troupes	O
sont	O
maintenant	O
établies	O
a	O
l	O
'	O
est	O
et	O
à	O
l	O
'	O
ouest	O
,	O
sur	O
les	O
limites	O
du	O
territoire	O
qui	O
appartient	O
à	O
.	O

la	O
France	B-loc
.	O

La	O
tranquillité	O
la	O
plus	O
complète	O
existe	O
sur	O
tous	O
les	O
points	O
de	O
la	O
plaine	O
de	O
la	O
Melidja	B-loc
,	O
et	O
il	O
semble	O
que	O
désormais	O
la	O
colonie	O
n	O
'	O
a	O
plus	O
qu	O
'	O
à	O
se	O
développer	O
et	O
à	O
fertiliser	O
le	O
sol	O
qui	O
est	O
maintenant	O
livré	O
à	O
l	O
'	O
industrie	O
française	O
.	O

CONFÉDÉRATION	B-loc
SUISSE	I-loc
.	O

DIÈTE	B-org
l	I-org
'	O
ÉDÉIlA	O
LE	I-org
.	O

Dernière	O
séance	O
du	O
27	B-time
juin	I-time
.	O

La	O
Dièle	B-loc
termine	O
dans	O
celte	O
séance	O
son	O
second	O
débat	O
sur	O
le	O
projet	O
de	O
pacte	O
par	O
l	O
'	O
iidoption	O
des	O
divers	O
articles	O
qui	O
le	O
composent	O
,	O
avec	O
de	O
légères	O
modifications	O
.	O

Elle	O
adopte	O
également	O
les	O
articles	O
qui	O
règlent	O
les	O
dispositions	O
transitoires	O
.	O

Enlin	O
il	O
est	O
procédé	O
par	O
débat	O
libre	O
à	O
une	O
délibération	O
sur	O
l	O
'	O
ensemble	O
du	O
projet	O
.	O

Neuchâld	O
SI	O
.	O

Gonzalve	B-pers
-	I-pers
Petitpierre	I-pers
expose	O
pourquoi	O
il	O
ne	O
peut	O
pas	O
encore	O
adhérer	O
ail	O
projet	O
présenté	O
,	O
soit	O
condition	O
-	O
-	O
nelleinent	O
,	O
suit	O
définitivement	O
Le	O
gouvernement	O
précédent	O
a	O
toujours	O
figuré	O
parmi	O
les	O
adversaires	O
les	O
plus	O
prononcés	O
de	O
toute	O
révision	O
de	O
pacte	O
.	O

Le	O
gouvernement	B-org
issu	O
du	O
.	O

mouvement	O
qui	O
a	O
éclaté	O
le	O
premier	B-time
mars	I-time
,	O
absorbé	O
par	O
les	O
affaires	O
cantonales	O
n	O
'	O
a	O
pas	O
pu	O
vouer	O
aux	O
affaires	O
fédérales	O
,	O
la	O
sollicitude	O
dont	O
il	O
aurait	O
fait	O
preuve	O
dans	O
toute	O
autre	O
circonstance	O
.	O

Le	O
grand	B-org
conseil	I-org
a	O
donc	O
du	O
se	O
bornera	O
charger	O
sa	O
députation	O
de	O
prendre	O
part	O
,	O
suivant	O
ses	O
lumières	O
,	O
à	O
la	O
discussion	O
des	O
articles	O
et	O
à	O
référer	O
sur	O
le	O
tout	O
.	O

Il	O
est	O
impossible	O
à	O
l	O
'	O
orateur	O
de	O
prévoir	O
quel	O
sort	O
est	O
réservé	O
dans	O
son	O
canton	O
à	O
la	O
nouvelle	O
constitution	O
fédérale	O
,	O
cependant	O
il	O
«	O
e	O
croit	O
pas	O
trop	O
présumer	O
de	O
l	O
'	O
esprit	O
qui	O
anime	O
ses	O
commellans	O
eu	O
croyant	O
qu	O
'	O
ils	O
donneront	O
leur	O
assentiment	O
à	O
cette	O
œuvre	O
,	O
car	O
elle	O
leur	O
paraîtra	O
sans	O
doute	O
comme	O
à	O
lui	O
,	O
tant	O
par	O
son	O
origine	O
pure	O
de	O
tout	O
élément	O
exotique	O
que	O
par	O
les	O
dispositions	O
et	O
les	O
garanties	O
qu	O
'	O
elle	O
consacre	O
,	O
avoir	O
concilié	O
le	O
maintien	O
de	O
la	O
neté	O
cantonale	O
avec	O
la	O
nécessité	O
de	O
renouer	O
le	O
pouvoir	O
fédéral	O
,	O
de	O
centraliser	O
plusieurs	O
branches	O
administratives	O
,	O
et	O
constituer	O
par	O
là	O
un	O
immense	O
progrès	O
qui	O
assignera	O
désormais	O
à	O
la	O
Confédération	O
Suisse	O
,	O
notre	O
chère	O
patrie	O
,	O
sa	O
véritable	O
place	O
dans	O
l	O
'	O
échelle	O
des	O
Etats	O
européens	O
.	O
Tessin	O
déclare	O
que	O
la	O
solution	O
donnée	O
aux	O
questions	O
matérielles	O
ne	O
lui	O
permet	O
pas	O
encore	O
de	O
voler	O
le	O
projet	O
dans	O
son	O
ensemble	O
.	O
Argovie	O
censure	O
le	O
projet	O
sous	O
le	O
rapport	O
de	O
l	O
'	O
instruction	O
publique	O
et	O
des	O
garanties	O
confessionnelles	O
;	O
il	O
trouve	O
que	O
sous	O
ce	O
rapport	O
,	O
la	O
constitution	O
fédérale	O
sanctionnera	O
l	O
'	O
intolérance	O
religieuse	O
.	O
En	O
outre	O
l	O
'	O
Etat	O
qu	O
'	O
il	O
représente	O
n	O
'	O
est	O
pas	O
partisan	O
du	O
conseil	O
des	O
Etals	O
.	O
Il	O
ne	O
s	O
'	O
oppose	O
pas	O
à	O
l	O
'	O
acceptation	O
du	O
projet	O
,	O
mais	O
il	O
voudrait	O
qu	O
'	O
il	O
fût	O
renvoyé	O
aux	O
cantons	O
avec	O
recommandation	O
de	O
la	O
part	O
de	O
la	O
Dièle	O
.	O
Zurich	O
voudrait	O
qu	O
'	O
en	O
envoyant	O
le	O
projet	O
de	O
pacte	O
aux	O
cantons	O
,	O
on	O
leur	O
fixât	O
le	O
terme	O
du	O
1	O
ou	O
du	O
15	O
août	O
,	O
pour	O
qu	O
'	O
ils	O
eussent	O
à	O
l	O
'	O
accepter	O
ou	O
à	O
le	O
rejeter	O
.	O
L	O
'	O
étal	O
deschoses	O
à	O
l	O
'	O
étranger	O
,	O
ajoute	O
le	O
député	O
,	O
devient	O
tellement	O
inquiétant	O
qu	O
'	O
il	O
est	O
urgent	O
que	O
la	O
Suisse	O
se	O
présente	O
incessamment	O
à	O
l	O
'	O
Europe	O
comme	O
un	O
Etat	O
constitué	O
.	O
Luceme	O
déclare	O
que	O
,	O
si	O
le	O
projet	O
actuel	O
n	O
'	O
obtient	O
pas	O
la	O
majorité	O
,	O
il	O
est	O
autorisé	O
à	O
voter	O
pour	O
une	O
constituante	O
fédérale	O
.	O
fiàle	O
-	O
ville	O
convient	O
que	O
le	O
projet	O
améliore	O
notre	O
législation	O
fédérale	O
,	O
mais	O
les	O
questions	O
matérielles	O
causent	O
quelques	O
inquiétudes	O
à	O
son	O
gouvernement	O
.	O
Il	O
pourrait	O
voler	O
,	O
en	O
seconde	O
ligne	O
,	O
pour	O
une	O
constituante	O
.	O
Scliwylz	O
se	O
prononce	O
sans	O
détour	O
pour	O
le	O
rejet	O
du	O
nouveau	O
pacte	O
.	O
Glatis	O
voudrait	O
que	O
/	O
la	O
Suisse	O
sorlil	O
aussi	O
vite	O
que	O
possible	O
de	O
l	O
'	O
état	O
provisoire	O
où	O
elle	O
se	O
trouve	O
.	O
Genève	O
(	O
M	O
.	O
Aimeras	O
)	O
ne	O
peut	O
pas	O
dire	O
que	O
tous	O
les	O
articles	O
du	O
projet	O
l	O
'	O
aient	O
complètement	O
satisfait	O
;	O
ainsi	O
les	O
principes	O
posés	O
sur	O
la	O
liberté	O
religieuse	O
et	O
les	O
Israélites	O
sont	O
contraires	O
à	O
sa	O
manière	O
de	O
voir	O
.	O
Les	O
articles	O
relatifs	O
aux	O
péages	O
,	O
aux	O
postes	O
et	O
aux	O
intérêts	O
matériels	O
lui	O
paraissent	O
avoir	O
été	O
conçus	O
de	O
manière	O
à	O
offrir	O
de	O
grands	O
avantages	O
à	O
de	O
certains	O
cantons	O
,	O
au	O
détriment	O
des	O
cantons	O
frontières	O
et	O
de	O
Genève	O
en	O
particulier	O
.	O
Cependant	O
,	O
eu	O
considérant	O
que	O
le	O
projet	O
sera	O
soumis	O
à	O
la	O
sanction	O
du	O
peuple	O
,	O
la	O
députation	O
votera	O
affirmativement	O
.	O
Grisons	O
,	O
d	O
'	O
après	O
ses	O
instructions	O
,	O
ne	O
peut	O
se	O
prononcer	O
ni	O
pour	O
ni	O
contre	O
.	O
fond	O
prend	O
le	O
référendum	O
.	O
Dans	O
le	O
canton	O
de	O
Vaud	O
on	O
considérai	O
!	O
la	O
Dièle	O
comme	O
une	O
autorité	O
impuissante	O
,	O
mais	O
les	O
événemens	O
de	O
18	O
^	O
7	O
ayant	O
prouvé	O
le	O
contraire	O
,	O
ont	O
donné	O
un	O
tel	O
élan	O
à	O
la	O
nation	O
que	O
la	O
population	O
vaudoise	O
est	O
assez	O
indifférente	O
sur	O
la	O
révision	O
du	O
pacte	O
actuel	O
.	O
C	O
'	O
est	O
qu	O
'	O
elle	O
a	O
vu	O
que	O
la	O
Dièle	O
élail	O
capable	O
de	O
dissoudre	O
le	O
Sonderbund	O
,	O
de	O
s	O
'	O
opposer	O
à	O
l	O
'	O
intervention	O
étrangère	O
,	O
de	O
maintenir	O
la	O
sûreté	O
de	O
la	O
Suisse	O
.	O
Le	O
député	O
ne	O
veut	O
engager	O
son	O
canton	O
en	O
quui	O
que	O
ce	O
soit	O
.	O
Il	O
voudrait	O
porter	O
au	O
I	O
décembre	O
prochain	O
le	O
terme	O
dans	O
lequel	O
les	O
cantons	O
auraient	O
à	O
.	O
se	O
prononcer	O
.	O
Thurgovie	O
vote	O
pour	O
le	O
projet	O
sous	O
réserve	O
de	O
ratification	O
Palais	O
vole	O
également	O
sous	O
la	O
même	O
réserve	O
.	O
Berne	O
rappelle	O
les	O
instructions	O
qui	O
le	O
lient	O
et	O
qui	O
l	O
'	O
obligent	O
,	O
si	O
le	O
projet	O
n	O
'	O
était	O
pas	O
adopté	O
,	O
à	O
voler	O
pour	O
une	O
constituante	O
.	O
Les	O
débats	O
étant	O
clos	O
,	O
on	O
vote	O
sur	O
l	O
'	O
ensemble	O
du	O
projet	O
de	O
conslitulion	O
fédérale	O
.	O
Il	O
est	O
adopté	O
,	O
mais	O
sous	O
réserve	O
de	O
ralificalion	O
,	O
par	O
15	O
1	O
(	O
2	O
Etats	O
,	O
savoir	O
:	O
Zurich	O
,	O
Solaire	O
,	O
Schaff	O
Iwtme	O
,	O
St	O
-	O
Gall	O
,	O
Argovie	O
,	O
Valais	O
,	O
Gerièue	O
,	O
Thurgovie	O
,	O
Gri	O
sons	O
,	O
Baie	O
campagne	O
,	O
Fribourg	O
,	O
Glaris	O
,	O
Luceme	O
et	O
Zug	O
.	O
Neuchâlel	O
,	O
Bàle	O
-	O
ville	O
cl	O
Vaud	O
prennent	O
le	O
référendum	O
.	O
Schwylz	O
seul	O
vote	O
contre	O
le	O
projet	O
.	O
Uri	O
,	O
Unlerwalden	O
et	O
Appenzell	O
-	O
intérieur	O
déclarent	O
qu	O
'	O
ils	O
n	O
'	O
entreront	O
pas	O
en	O
matière	O
,	O
et	O
réservent	O
les	O
droits	O
de	O
leurs	O
Etals	O
respectifs	O
en	O
ce	O
qui	O
concerne	O
les	O
affaires	O
religieuses	O
et	O
politiques	O
,	O
ainsi	O
que	O
les	O
questions	O
matérielles	O
.	O
Berne	O
propose	O
une	O
constituante	O
fédérale	O
.	O
—	O
A	O
celte	O
proposition	O
adhèrent	O
:	O
Bàle	O
-	O
ville	O
,	O
Berne	O
cl	O
Genève	O
.	O
Berne	O
déclare	O
qu	O
'	O
il	O
vote	O
pour	O
le	O
renvoi	O
du	O
projet	O
aux	O
cantons	O
.	O
Le	O
terme	O
auquel	O
les	O
cantons	O
sont	O
invités	O
à	O
se	O
prononcer	O
est	O
fixé	O
au	O
l	O
septembre	O
prochain	O
.	O
La	O
séance	O
est	O
levée	O
,	O
mais	O
la	O
Diète	O
s	O
'	O
est	O
encore	O
réunie	O
ce	O
soir	O
pour	O
adopter	O
le	O
protocole	O
.	O
Le	O
président	O
,	O
dans	O
son	O
discours	O
de	O
clôture	O
,	O
jette	O
un	O
d	O
'	O
œil	O
rapide	O
sur	O
les	O
événemens	O
de	O
l	O
'	O
Europe	O
.	O
La	O
situation	O
est	O
critique	O
,	O
dit	O
-	O
il	O
,	O
mais	O
la	O
Suisse	O
échappera	O
au	O
grand	O
cataclysme	O
social	O
et	O
politique	O
,	O
si	O
elle	O
se	O
tient	O
strictement	O
collée	O
au	O
principe	O
de	O
la	O
neutralité	O
.	O
Il	O
exprime	O
enfin	O
l	O
'	O
espoir	O
que	O
le	O
projet	O
du	O
nouveau	O
pacte	O
sera	O
accepté	O
par	O
le	O
peuple	O
,	O
et	O
déclare	O
terminée	O
la	O
session	O
extraordinaire	O
actuelle	O
.	O
GRISONS	O
.	O
Cornu	O
,	O
29	O
juin	O
.	O
—	O
Le	O
grand	O
conseil	O
s	O
'	O
est	O
dissous	O
le	O
2	O
'	O
»	O
juin	O
après	O
unesession	O
d	O
'	O
une	O
quinzaine	O
de	O
jours	O
.	O

Sa	O
physionomie	O
a	O
été	O
,	O
à	O
tout	O
prendre	O
,	O
plus	O
décidément	O
libérale	O
que	O
ne	O
l	O
'	O
a	O
été	O
celledes	O
grands	O
conseils	O
des	O
années	O
précédentes	O
.	O

Quant	O
à	O
la	O
somme	O
d	O
'	O
intelligence	O
qui	O
y	O
a	O
élé	O
présentée	O
,	O
on	O
prétend	O
qu	O
'	O
elle	O
ne	O
dépasse	O
pointeellequ	O
'	O
onaremarqué	O
à	O
l	O
'	O
ordinaire	O
qu	O
'	O
ici	O
.	O

Parmi	O
les	O
résolutions	O
qui	O
ont	O
été	O
prises	O
,	O
nous	O
citerons	O
celle	O
qui	O
prescrit	O
aux	O
autorités	O
executives	O
l	O
'	O
organisation	O
immédiate	O
de	O
la	O
réserve	O
dans	O
les	O
districts	O
limitrophes	O
du	O
Tyrol	O
et	O
de	O
la	O
Luinbardie	O
,	O
organisation	O
qui	O
n	O
'	O
est	O
que	O
trop	O
justifiée	O
par	O
les	O
circonstances	O
.	O

Quant	O
aux	O
élections	O
,	O
elles	O
ont	O
été	O
assez	O
généralement	O
approuvées	O
,	O
si	O
ce	O
n	O
'	O
est	O
celles	O
d	O
'	O
uile	O
partie	O
du	O
gouvernement	O
qui	O
passe	O
pour	O
être	O
fortement	O
empreinte	O
d	O
'	O
une	O
couleur	O
conservatrice	O
.	O

Le	O
tribunal	B-org
d	O
'	O
appel	O
a	O
élé	O
bien	O
composé	O
,	O
le	O
grand	O
conseil	O
n	O
'	O
ayant	O
eu	O
égard	O
qu	O
'	O
aux	O
talons	O
et	O
à	O
la	O
probité	O
et	O
non	O
aux	O
opinions	O
politiques	O
.	O

L	O
'	O
éloignement	B-loc
inattendu	O
du	O
chef	B-org
des	I-org
affaires	I-org
militaires	I-org
et	O
du	O
chef	B-org
do	I-org
la	I-org
police	I-org
centrale	I-org
,	O
a	O
causé	O
quelque	O
sensation	O
.	O

—	O
Un	O
malheur	O
des	O
plus	O
inattendus	O
vient	O
de	O
frapper	O
notre	O
canton	B-loc
.	O

Nous	O
avons	O
à	O
déplorer	O
la	O
perle	O
,	O
d	O
'	O
un	O
de	O
nos	O
citoyens	O
les	O
plus	O
respectables	O
et	O
les	O
plus	O
éclairés	O
,	O
M	O
.	O
Albertmi	O
de	O
Ponte	O
,	O
président	O
du	O
gouvernement	O
actuel	O
.	O

Depuis	O
longtemps	O
une	O
noire	O
mélancolie	O
paraissait	O
déjà	O
s	O
'	O
être	O
emparée	O
de	O
lui	O
et	O
les	O
événemens	O
politiques	O
semblaient	O
ne	O
faire	O
qu	O
'	O
augmenter	O
en	O
lui	O
celle	O
triste	O
disposition	O
.	O

Un	O
accès	O
de	O
désespoir	O
lui	O
a	O
fait	O
chercher	O
la	O
mort	O
dans	O
les	O
Ilots	B-loc
du	I-loc
Rhin	I-loc
.	O

Le	O
pays	B-loc
entier	O
,	O
qui	O
connaissait	O
la	O
profonde	O
intégrité	O
et	O
les	O
talens	O
supérieurs	O
de	O
ce	O
magistrat	O
,	O
donnera	O
des	O
larmes	O
de	O
regret	O
à	O
sa	O
mémoire	O
.	O

Ses	O
funérailles	O
ont	O
eu	O
lieu	O
aujourd	O
'	O
hui	O
avec	O
toutes	O
les	O
cérémonies	O
dues	O
au	O
rang	O
qu	O
'	O
il	O
occupait	O
.	O

BERNE	B-loc
.	O

Notre	O
canton	O
envoyé	O
annuellement	O
à	O
la	O
Diète	B-org
trois	O
députés	O
,	O
le	O
président	O
du	O
Vororl	O
qui	O
est	O
appelé	O
de	O
plein	O
-	O
droit	O
et	O
deux	O
autres	O
comme	O
premiers	O
et	O
troisième	O
députés	O
.	O

MM	B-pers
.	O

'	O
Ochsenbeinet	B-pers
Tiller	I-pers
,	O
ont	O
obtenu	O
en	O
celle	O
qualité	O
la	O
'	O
majorité	O
des	O
suffrages	O
.	O
—	O
M	O
.	O
le	O
comte	O
lleinhart	O
,	O
qui	O
depuis	O
longtemps	O
est	O
premier	O
secrétaire	O
de	O
la	O
légation	O
française	O
en	O
Suisse	O
ela	O
souvent	O
rempli	O
les	O
fonctions	O
de	O
chargé	O
d	O
'	O
affaires	O
,	O
est	O
nommé	O
représentant	O
de	O
la	O
République	O
en	O
Saxe	O
.	O
Avec	O
lui	O
finironten	O
Suisse	O
les	O
dernières	O
traditions	O
de	O
la	O
diplomatie	O
philippisle	O
,	O
de	O
funeste	O
mémoire	O
.	O
Il	O
sera	O
remplacé	O
par	O
M	O
.	O
Eénélon	O
.	O
'	O
—	O
M	O
.	O
Thiard	O
,	O
dont	O
la	O
sanléest	O
très	O
affaiblie	O
,	O
vit	O
très	O
-	O
retiré	O
.	O

FIUBOUKG	B-loc
.	O

Le	O
grand	B-org
conseil	I-org
se	O
trouve	O
réuni	O
depuis	O
lundi	B-time
dernier	I-time
.	O

La	O
diseussiou	O
en	O
second	O
débat	O
de	O
la	O
loi	O
sur	O
l	O
'	O
organisation	O
des	O
communes	O
a	O
occupé	O
la	O
plus	O
grande	O
partie	O
des	O
séances	O
.	O

.	O

Cette	O
loi	O
,	O
basée	O
en	O
général	O
sur	O
des	O
principes	O
larges	O
,	O
renferme	O
des	O
règles	O
d	O
'	O
administration	O
nombreuses	O
doul	O
la	O
plupart	O
sont	O
propres	O
à	O
redresser	O
bien	O
des	O
abuset	O
à	O
rétablir	O
l	O
'	O
ordre	O
et	O
l	O
'	O
économie	O
,	O
surtout	O
dans	O
les	O
communes	O
rurales	O
.	O

On	O
lui	O
reproche	O
cependant	O
d	O
'	O
entrer	O
dans	O
trop	O
de	O
détails	O
et	O
de	O
contenir	O
bon	O
nombre	O
de	O
prescriptions	O
d	O
'	O
une	O
exécution	O
presque	O
toujours	O
difficile	O
.	O

La	O
disposition	O
la	O
plus	O
saillanl	O
^	O
pjbe	O
l	O
'	O
on	O
remarque	O
dans	O
celleMoi	O
est	O
celle	O
qui	O
interdit	O
aux	O
communes	O
de	O
faire	O
entre	O
leurs	O
ressorlissans	O
aucune	O
distribution	O
des	O
bénéfices	O
communaux	O
.	O

Les	O
revenus	O
des	O
communes	B-loc
devront	O
être	O
exclusivement	O
appliqués	O
aux	O
besoins	O
de	O
la	O
communauté	O
.	O

On	O
peut	O
prévoir	O
que	O
celle	O
résolution	O
grave	O
,	O
proposée	O
même	O
par	O
un	O
puté	O
de	O
la	O
campagne	O
,	O
celui	O
de	O
JNeyruz	O
,	O
fçga	O
une	O
sensation	O
d	O
'	O
autant	O
plus	O
grande	O
que	O
dans	O
plusieurs	O
localités	O
,	O
la	O
jouissance	O
des	O
bénéfices	O
communaux	O
est	O
la	O
seule	O
ressource	O
d	O
'	O
un	O
grand	O
nombre	O
de	O
familles	O
.	O

Les	O
instructions	O
à	O
donner	O
aux	O
députés	O
pour	O
la	O
prochaine	O
Dièle	B-loc
ont	O
été	O
votées	O
au	O
pas	O
de	O
charge	O
,	O
et	O
c	O
'	O
est	O
à	O
peine	O
si	O
deux	O
ou	O
trois	O
observations	O
ont	O
élé	O
faites	O
à	O
cet	O
égard	O
;	O
elles	O
donnent	O
en	O
général	O
dans	O
la	O
plupart	O
des	O
cas	O
une	O
assez	O
grande	O
latitude	O
à	O
la	O
députation	O
.	O

MM	B-pers
.	I-pers
le	I-pers
docleur	I-pers
Bussard	I-pers
et	O
Castela	B-pers
,	O
membre	O
du	O
conseil	O
d	O
'	O
Etat	O
et	O
directeur	O
de	O
la	O
police	O
cantonale	O
,	O
ont	O
été	O
nommés	O
députés	O
.	O

M	B-pers
.	I-pers
Thorin	I-pers
,	O
préfet	O
de	O
Fribourg	O
,	O
vient	O
d	O
'	O
êlre	O
nommé	O
membre	O
du	O
conseil	O
d	O
'	O
Etat	O
en	O
remplacement	O
de	O
M	O
.	O
Chalonay	O
,	O
démissionnaire	O
.	O

M	B-pers
.	I-pers
Abram	I-pers
Fasnacht	I-pers
,	O
qui	O
avait	O
été	O
nommé	O
d	O
'	O
abord	O
à	O
ce	O
poste	O
,	O
n	O
'	O
a	O
pas	O
accepté	O
.	O

M	B-pers
.	I-pers
Thorin	I-pers
appartient	O
à	O
l	O
'	O
opinion	O
libérale	O
la	O
plus	O
avancée	O
.	O

Un	O
incident	O
d	O
'	O
une	O
nature	O
assez	O
singulière	O
est	O
venu	O
jeter	O
quelque	O
agitation	O
au	O
sein	O
de	O
l	O
'	O
assemblée	O
législative	O
.	O

Huit	O
députés	O
du	O
district	O
de	O
la	O
St	B-loc
-	I-loc
Gine	I-loc
qui	O
,	O
dans	O
le	O
principe	O
avaient	O
refusé	O
de	O
prêtersermenlàla	O
constitution	O
parce	O
qu	O
'	O
elle	O
renfermait	O
,	O
suivant	O
eux	O
,	O
des	O
dispositions	O
contraires	O
aux	O
droits	O
de	O
l	O
'	O
Eglise	O
,	O
s	O
'	O
étaient	O
à	O
la	O
fin	O
ravisés	O
et	O
avaient	O
solennisé	O
le	O
serment	O
prescrit	O
.	O

Cependant	O
quelque	O
tems	O
après	O
ils	O
firent	O
publier	O
dans	O
la	O
feuille	O
officielle	O
du	O
canton	B-loc
une	O
déclaration	O
portant	O
que	O
ce	O
n	O
'	O
était	O
que	O
sous	O
de	O
certaines	O
réserves	O
que	O
le	O
serment	O
avait	O
élé	O
prêté	O
.	O

Celle	O
déclaration	O
maladroite	O
,	O
dans	O
tous	O
les	O
cas	O
,	O
a	O
été	O
jugée	O
offensante	O
pour	O
le	O
grand	O
conseil	O
et	O
sur	O
la	O
motion	O
d	O
'	O
un	O
de	O
ses	O
membres	O
,	O
le	O
conseil	O
d	O
'	O
Elat	O
proposa	O
d	O
'	O
obliger	O
les	O
députés	O
signataires	O
de	O
la	O
déclaration	O
à	O
la	O
rétracter	O
ou	O
à	O
voir	O
prononcer	O
la	O
nullité	O
du	O
serment	O
.	O

Réduits	O
à	O
cette	O
pénible	O
extrémité	O
,	O
les	O
députés	O
allemands	O
se	O
sont	O
résignés	O
à	O
à	O
la	O
première	O
alternative	O
.	O

Cet	O
incident	O
a	O
laissé	O
une	O
fàcbeusc	O
impression	O
dans	O
bien	O
des	O
esprits	O
,	O
et	O
il	O
esta	O
craindre	O
aussi	O
qu	O
'	O
il	O
ne	O
laisse	O
des	O
souvenirs	O
pénibles	O
.	O

GENÈVE	B-loc
.	O

L	O
'	O
autorité	O
a	O
pris	O
quelques	O
mesures	O
contre	O
la	O
presse	O
.	O

Le	O
permis	O
d	O
'	O
établissement	O
a	O
été	O
retiré	O
à	O
M	O
.	O
Fallot	O
,	O
imprimeur	O
du	O
Journal	O
de	O
Genève	O
et	O
à	O
M	O
.	O
Jaquemot	O
,	O
imprimeur	O
dé	O
la	O
Voix	O
Catholique	O
.	O

Le	O
premier	O
a	O
été	O
même	O
expulsé	O
du	O
canton	B-loc
.	O

CANTONS	B-loc
DIVERS	I-loc
.	O

Le	O
grand	O
conseil	O
du	O
Tessin	B-loc
a	O
chargé	O
sa	O
députation	O
de	O
voter	O
en	O
Dièle	B-loc
une	O
réduction	O
des	O
frais	O
de	O
guerre	O
imposés	O
aux	O
cantons	O
du	O
Sonderbund	B-org
.	O

Le	O
vole	O
du	O
canton	O
sur	O
la	O
nomination	O
du	O
chargé	O
d	O
'	O
affaires	O
à	O
Vienne	O
dépendra	O
de	O
la	O
défense	O
que	O
produira	O
ce	O
fonctionnaire	O
.	O

—	O
La	O
députation	O
de	O
Glaris	B-loc
a	O
reçu	O
des	O
pleins	O
-	O
pouvoirs	O
;	O
elle	O
aura	O
cependant	O
à	O
se	O
prononcer	O
contre	O
la	O
remise	O
des	O
frais	O
de	O
guerre	O
et	O
pour	O
la	O
réélection	O
du	O
chargé	O
d	O
'	O
affaires	O
à	O
Vienne	O
.	O

—	O
A	O
Zurich	B-loc
,	O
la	O
députation	O
à	O
la	O
Diète	O
a	O
pour	O
instruction	O
de	O
ne	O
pas	O
garantir	O
la	O
constitution	O
de	O
Lucerne	O
parce	O
qu	O
'	O
elle	O
contient	O
des	O
dispositions	O
qui	O
privent	O
des	O
droits	O
de	O
citoyens	O
ceux	O
qui	O
appartiennent	O
à	O
la	O
religion	O
proteslanle	O
,	O
T	O
—	O
A	O
Schwylz	O
,	O
le	O
Fœhn	O
,	O
ce	O
ventsi	O
redoutédesbaleliersdulae	O
des	O
Quatre	O
-	O
Cantons	O
,	O
a	O
causé	O
de	O
grands	O
ravages	O
,	O
notamment	O
dans	O
la	O
vallée	O
de	O
la	O
Jluotha	O
.	O

Dans	O
quelques	O
heures	O
un	O
grurid	O
nombre	O
de	O
toits	O
ont	O
été	O
emportés	O
,	O
et	O
les	O
plus	O
beaux	O
arbres	O
ont	O
été	O
déracinés	O
.	O

—	O
L	O
'	O
Argovie	B-loc
,	O
et	O
on	O
peut	O
dire	O
toute	O
la	O
Confédération	O
,	O
vient	O
de	O
faire	O
une	O
perle	O
douloureuse	O
.	O

Henri	B-pers
Zschokke	I-pers
,	O
cet	O
aimable	O
et	O
infatigable	O
écrivain	O
,	O
l	O
'	O
ami	O
et	O
l	O
'	O
instituteur	O
du	O
peuple	O
,	O
est	O
décédé	O
le	O
27	O
juin	O
à	O
Arau	O
;	O
on	O
ne	O
peut	O
trop	O
déplorer	O
celte	O
pi	O
rie	O
.	O

LAESANMÎ	B-loc
,	O
il	O
juillet	O
.	O

Le	O
conseil	O
d	O
'	O
Etat	B-loc
a	O
pourvu	O
au	O
remplacement	O
du	O
poste	O
de	O
chancelier	O
,	O
vacant	O
par	O
la	O
nomination	O
de	O
M	O
.	O
Fornerod	O
au	O
conseil	O
d	O
'	O
Elat	O
.	O

Son	O
choix	O
est	O
tombé	O
sur	O
M	B-pers
.	I-pers
Guex	I-pers
-	I-pers
Gaudard	I-pers
,	O
actuellement	O
intendant	O
des	O
postes	O
du	O
canton	O
.	O

Appel	O
aux	O
Français	O
en	O
résidence	O
ou	O
,	O
en	O
passage	O
dans	O
le	O
canton	O
de	O
VpûdV	O
'	O
Chers	O
Concitoyens	O
!	O

Hier	O
,	O
nous	O
n	O
'	O
osions	O
lever	O
les	O
yeux	O
vers	O
notre	O
malheureuse	O
patrie	O
,	O
dont	O
les	O
douloureux	O
tressai	O
!	O
lemens	O
déchiraient	O
notre	O
cœur	O
,	O
t	O
-	O
1	O
dont	O
l	O
'	O
avenir	O
nous	O
épouvantait	O
.	O

Aujourd	O
'	O
hui	O
elle	O
se	O
relève	O
triomphante	O
,	O
mais	O
ensanglantée	O
.	O

Elle	O
ne	O
pouvait	O
pas	O
périr	O
,	O
car	O
la	O
France	O
n	O
'	O
a	O
pas	O
accompli	O
dans	O
le	O
monde	O
son	O
œuvre	O
providentielle	O
,	O
mais	O
elle	O
risquait	O
de	O
se	O
transformer	O
en	O
un	O
vaste	O
champ	O
de	O
bataille	O
,	O
où	O
la	O
liberté	O
aurait	O
pu	O
trouver	O
un	O
tombeau	O
.	O

Lorsqu	O
'	O
elle	O
a	O
fait	O
entendre	O
le	O
cri	O
d	O
'	O
alarme	O
,	O
nous	O
avons	O
eu	O
la	O
douleur	O
de	O
ne	O
pouvoir	O
lui	O
répondre	O
que	O
par	O
des	O
vœux	O
,	O
quand	O
nous	O
voulions	O
lui	O
offrir	O
notre	O
sang	O
et	O
nos	O
bras	O
.	O

A	O
d	O
'	O
autres	O
plus	O
heureux	O
que	O
nous	O
,	O
élaietit	O
réservées	O
laconsolatiou	O
et	O
la	O
gloire	O
de	O
combattre	O
et	O
.	O

de	O
mourir	O
pour	O
elle	O
,	O
sous	O
les	O
drapeaux	O
de	O
l	O
'	O
ordre	O
et	O
de	O
la	O
liberté	O
.	O

Honneur	O
à	O
tous	O
ces	O
braves	O
qui	O
ont	O
versé	O
leur	O
sang	O
sur	O
l	O
'	O
autel	O
de	O
la	O
patrie	O
,	O
mais	O
pitié	O
pour	O
ceux	O
qui	O
les	O
pleurent	O
dans	O
le	O
dénuement	O
ou	O
la	O
crainte	O
de	O
l	O
'	O
avenir	O
.	O

Honneur	O
à	O
l	B-org
l'<org>assemblée	O
assemblée	O
nationale	I-org
,	O
honneur	O
à	O
la	O
France	O
,	O
qui	O
ont	O
adopté	O
toutes	O
ces	O
infortunes	O
,	O
mais	O
sympathie	O
pour	O
lant	O
de	O
souffrances	O
,	O
et	O
concours	O
généreux	O
pour	O
tant	O
de	O
besoins	O
!	O

Que	O
les	O
familles	O
de	O
l'<loc>ant	O
de	O
nobles	I-loc
victimes	O
,	O
que	O
tous	O
ceiut	O
qui	O
ont	O
combattu	O
pour	O
la	O
République	O
,	O
apprennent	O
qu	O
'	O
ils	O
ont	O

CONFÉDÉRATION	B-loc
SUISSE	I-loc
.	O

BERNE	B-loc
.	O

Le	O
Directoire	B-org
a	O
pris	O
la	O
résolution	O
suivante	O
concernant	O
les	O
insurgés	O
qui	O
ont	O
pris	O
pari	O
à	O
l	O
'	O
insurrection	O
badoise	O
;	O
1	O
°	O
Ceux	O
qui	O
ont	O
joui	O
ici	O
du	O
droit	O
d	O
'	O
asile	O
et	O
qui	O
en	O
ont	O
abusé	O
par	O
leur	O
coopération	O
répétée	O
à	O
l	O
'	O
insurrection	O
,	O
sont	O
renvoyés	O
du	O
canton	O
;	O
2	O
°	O
Tous	O
les	O
autres	O
sont	O
placés	O
sous	O
la	O
surveillance	O
spéciale	O
de	O
la	O
police	O
.	O

Les	O
gouvernemens	O
de	O
Zurich	B-loc
,	O
Bàle	O
-	O
ville	O
el	O
campagne	O
ont	O
pris	O
,	O
de	O
leur	O
côté	O
,	O
les	O
mesures	O
les	O
plus	O
sévères	O
pour	O
prévenir	O
une	O
nouvelle	O
invasion	O
des	O
Etals	O
allemands	O
,	O
soit	O
en	O
expulsant	O
de	O
leur	O
sein	O
ceux	O
qui	O
auraient	O
pris	O
une	O
part	O
directe	O
à	O
ce	O
mouvement	O
,	O
soit	O
en	O
internant	O
tous	O
les	O
autres	O
.	O

Ils	O
ont	O
de	O
plus	O
organisé	O
une	O
force	O
militaire	O
suffisante	O
pour	O
protéger	O
ces	O
mesures	O
.	O

—	O
Une	O
réuaion	O
,	O
composée	O
d	O
'	O
hommes	O
les	O
plus	O
importants	O
des	O
districts	O
de	O
Trachselwald	O
,	O
de	O
Signau	O
et	O
de	O
Konolfingen	O
,	O
a	O
décidé	O
de	O
proposer	O
pour	O
l	O
'	O
Emmenthal	O
MM	O
.	O
l	O
'	O
ancien	O
avoyer	O
Neubaus	O
,	O
les	O
conseillers	O
Oehsenbein	O
el	O
Slajmpfly	O
comme	O
candidats	O
au	O
conseil	O
national	O
,	O
—	O
Une	O
assemblée	O
électorale	O
préparatoire	O
,	O
réunie	O
dimanche	O
dernier	O
à	O
Aarberg	O
,	O
s	O
'	O
est	O
prononcée	O
en	O
faveur	O
des	O
mêmes	O
candidats	O
pour	O
le	O
Seeland	O
.	O

—	O
On	O
a	O
fait	O
à	O
Berne	B-loc
les	O
préparatifs	O
nécessaires	O
pour	O
les	O
lieux	O
de	O
réunion	O
des	O
différentes	O
autorités	O
fédérales	O
.	O

Le	O
conseil	O
national	O
siégerait	O
à	O
la	O
salle	O
du	O
Casino	B-loc
,	O
le	O
conseil	O
des	O
Etats	O
à	O
la	O
Salle	O
de	O
la	O
Diète	O
et	O
le	O
conseil	O
fédéral	O
probablement	O
à	O
l	O
'	O
hôtel	O
de	O
la	O
Monnaie	O
.	O

—	O
Le	O
bataillon	O
Benz	B-pers
,	O
de	O
Zurich	O
,	O
et	O
le	O
bataillon	O
Fiih	O
,	O
de	O
Sl	O
-	O
Gall	O
,	O
après	O
avoir	O
été	O
assermentés	O
,	O
ont	O
quitté	O
leurs	O
cantons	O
respectifs	O
pour	O
se	O
rendre	O
dans	O
le	O
Tessin	O
.	O

A	O
l	O
'	O
heure	O
où	O
nous	O
écrivons	O
,	O
ils	O
sont	O
à	O
Bellinzone	O
.	O

—	O
MM	B-pers
.	I-pers
les	I-pers
anciens	I-pers
landammann	I-pers
Abyberg	I-pers
et	O
Holdener	B-pers
,	O
de	O
Schwyiz	O
,	O
se	O
sont	O
soustraits	O
par	O
la	O
fuite	O
à	O
l	O
'	O
éventualité	O
de	O
leur	O
extradition	O
.	O

On	O
assure	O
qu	O
'	O
ils	O
se	O
sonl	O
rendus	O
à	O
Inspruck	O
.	O

—	O
Nous	O
empruntons	O
lesdétailssuivanls	O
à	O
une	O
lettre	O
écrite	O
par	O
le	O
consul	O
suisse	O
,	O
à	O
Messine	O
,	O
M	O
.	O
Gonzenbacb	O
,	O
sur	O
l	O
'	O
affreuse	O
position	O
de	O
celte	O
ville	O
.	O

On	O
ira	O
pu	O
s	O
'	O
entendre	O
sur	O
une	O
convention	O
avec	O
le	O
général	O
en	O
chef	O
napolitain	O
,	O
parce	O
que	O
les	O
chefs	O
siciliens	O
à	O
Messine	O
n	O
'	O
ont	O
voulu	O
assumer	O
aucune	O
responsabilité	O
en	O
présence	O
du	O
parlement	O
réuni	O
à	O
Païenne	O
.	O

L	O
'	O
incendie	O
continua	O
et	O
se	O
propagea	O
dans	O
plusieurs	O
quartiers	O
pendant	O
la	O
nuit	O
du	O
7	O
au	O
8	O
.	O

La	O
ville	B-loc
était	O
presque	O
entièrement	O
abandonnée	O
par	O
ses	O
habitans	O
.	O

Ceux	O
qui	O
étaient	O
restés	O
,	O
se	O
tenaient	O
cachés	O
,	O
craignant	O
d	O
'	O
être	O
assassinés	O
par	O
les	O
soldats	O
.	O

Les	O
consuls	O
se	O
sont	O
réunis	O
le	O
7	B-time
septembre	I-time
à	O
bord	O
d	O
'	O
un	O
vaisseau	O
français	O
pour	O
signer	O
la	O
pièce	O
dont	O
nous	O
avons	O
parlé	O
.	O

Les	O
soldats	O
napolitainssont	O
entrés	O
pendant	O
la	O
nuit	O
et	O
ils	O
mirent	O
le	O
feu	O
aux	O
maisons	O
pillées	O
qui	O
se	O
trouvaient	O
sur	O
leur	O
chemin	O
.	O

Le	O
pillage	O
continua	O
dans	O
la	O
matinée	O
du	O
8	B-time
et	O
il	O
s	O
'	O
exerçait	O
notamment	O
dans	O
les	O
magasins	O
renfermant	O
des	O
objets	O
peu	O
volumineux	O
et	O
de	O
grande	O
valeur	O
.	O

Une	O
foule	O
de	O
mauvais	O
sujets	O
aidaient	O
la	O
troupe	B-prod
dans	O
cette	O
besogne	O
.	O

Des	O
maisons	B-loc
ont	O
aussi	O
été	O
t	O
'	O
èrement	O
pillées	O
.	O

Ce	O
n	O
'	O
est	O
que	O
vers	O
les	O
8	O
heures	O
,	O
à	O
mesure	O
que	O
d	O
'	O
autres	O
troupes	O
s	O
'	O
avançaient	O
,	O
qu	O
'	O
on	O
a	O
pu	O
mettreun	O
peu	O
d	O
'	O
ordre	O
.	O

Les	O
maisons	O
des	O
consuls	O
ont	O
reçu	O
une	O
garde	O
du	O
4	B-org
°	I-org
régiment	I-org
suisse	I-org
,	O
et	O
l	O
'	O
on	O
pouvait	O
enfin	O
aller	O
dans	O
les	O
grandes	O
rues	O
,	O
sans	O
risquer	O
d	O
'	O
être	O
dévalisé	O
par	O
des	O
soldatserrans	O
.	O

Desordresontélé	O
donnés	O
pour	O
éteindre	O
l	O
'	O
incendie	O
,	O
leshabitansrevinrentpeuàpeu	O
,	O
mais	O
desmilliers	O
de	O
famillesse	O
trouventsansabriet	O
dépouillées	O
de	O
foui	O
ce	O
qu	O
'	O
elles	O
possédaient	O
.	O

La	O
rue	O
Giudeca	B-loc
,	O
le	O
faubourg	O
Zaera	O
et	O
les	O
deux	O
villages	O
de	O
Gazzi	O
et	O
de	O
Conlessa	O
,	O
situés	O
sur	O
la	O
grande	O
route	O
vers	O
Calania	O
,	O
formant	O
dans	O
une	O
étendue	O
de	O
trois	O
milles	O
une	O
continuation	O
de	O
la	O
ville	O
de	O
Messine	O
,	O
ne	O
présentent	O
qu	O
'	O
un	O
amas	O
de	O
ruines	O
:	O
il	O
n	O
'	O
y	O
a	O
pas	O
six	O
maisons	O
intactes	O
!	O

Je	O
ne	O
trouve	O
pas	O
de	O
mots	O
pour	O
exprimer	O
les	O
sentimens	O
qui	O
m	O
'	O
accablent	O
,	O
ajoute	O
M	O
.	O
Gonzenbacb	O
,	O
en	O
présence	O
de	O
ce	O
spectacle	O
.	O

Parmi	O
nos	O
concitoyens	O
,	O
nous	O
avons	O
à	O
regretter	O
la	O
mort	O
de	O
M	O
.	O
Jacques	O
Zwiki	O
,	O
brasseur	O
,	O
qui	O
a	O
été	O
tué	O
par	O
un	O
soldat	O
napolitain	O
:	O
sa	O
brasserie	O
et	O
son	O
établissement	O
de	O
vente	O
avaient	O
élé	O
pillés	O
et	O
dévorés	O
par	O
les	O
flammes	O
.	O

MM	B-pers
.	O

Colondre	B-pers
et	O
fils	O
ont	O
élé	O
entièrement	O
pillés	O
et	O
incendiés	O
en	O
partie	O
.	O

M	B-pers
.	I-pers
Valenlin	I-pers
Schaber	I-pers
a	O
aussi	O
élé	O
visité	O
par	O
les	O
soldats	O
qui	O
l	O
'	O
ont	O
dépouillé	O
de	O
tout	O
ce	O
qui	O
pouvait	O
être	O
transporté	O
et	O
détruit	O
le	O
reste	O
.	O

MM	B-pers
.	O

A	B-pers
.	I-pers
Diernwachter	I-pers
et	O
Henri	B-pers
lirunner	I-pers
,	O
possesseurs	O
d	O
'	O
une	O
fabrique	O
,	O
ont	O
tout	O
perdu	O
,	O
leur	O
maison	O
ayant	O
été	O
pillée	O
de	O
haut	O
en	O
bas	O
.	O

M	B-pers
.	I-pers
Jacques	I-pers
Signer	I-pers
,	O
a	O
tout	O
perdu	O
par	O
le	O
feu	O
et	O
le	O
pillage	O
.	O

M	B-pers
.	I-pers
Jacques	I-pers
Ruegg	I-pers
a	O
perdu	O
la	O
majeure	O
partie	O
de	O
ses	O
meubles	O
par	O
l	O
'	O
effet	O
des	O
grenades	O
tombées	O
sur	O
sa	O
maison	O
.	O

L'<org>agcut	O
'	O
a	O
gcut	O
consulaire	I-org
s	O
'	O
occupait	O
de	O
dresser	O
l	O
'	O
inventaire	O
de	O
ces	O
pertes	O
.	O

Quant	O
à	O
lui	O
,	O
il	O
a	O
peu	O
souffert	O
.	O

(	O
Correspondance	O
particulière	O
.	O
)	O

Berne	B-loc
,	O
i	O
"	O
octobre	O
.	O

Les	O
mesures	O
prises	O
par	O
plusieurs	O
cantons	O
et	O
entr	O
'	O
autres	O
par	O
celui	O
de	O
Berne	O
,	O
à	O
l	O
'	O
égard	O
des	O
réfugiés	O
allemands	O
qui	O
ont	O
abusé	O
tle	O
l	O
'	O
hospitalité	O
qui	O
leur	O
avait	O
été	O
accordé	O
,	O
pour	O
compromettre	O
la	O
Suisse	O
par	O
leur	O
participation	O
au	O
dernier	O
mouvement	O
insurrectionnel	O
du	O
grand	O
duché	O
de	O
Bade	O
,	O
ces	O
mesures	O
paraissent	O
avoir	O
adouci	O
les	O
velléités	O
hostiles	O
à	O
l	O
'	O
égard	O
de	O
la	O
Suisse	O
qui	O
s	O
'	O
étaient	O
manifestées	O
chez	O
les	O
Etats	O
allemands	O
limitrophes	O
de	O
notre	O
territoire	O
.	O

Avant	O
de	O
donner	O
suite	O
à	O
la	O
formation	O
du	O
cordon	O
militaire	O
dont	O
nous	O
menaçaient	O
les	O
chefs	O
des	O
colonnes	O
dirigéesconlreles	O
insurgés	O
,	O
l	O
'	O
on	O
nous	O
demandera	O
des	O
explications	O
,	O
par	O
l	O
'	O
organe	O
de	O
l	O
'	O
envoyé	O
du	O
pouvoir	O
central	O
germanique	O
,	O
M	O
.	O
lïaveaux	O
.	O

On	O
n	O
'	O
a	O
pas	O
oublié	O
que	O
ce	O
diplomate	O
,	O
aussitôt	O
après	O
avoir	O
senté	O
ses	O
lettres	O
de	O
créance	O
au	O
président	O
du	O
Vorort	O
et	O
avoir	O
captivé	O
tous	O
ceux	O
qui	O
avaient	O
eu	O
des	O
rapports	O
avec	O
lui	O
par	O
les	O
dispositions	O
bienveillantes	O
el	O
vraiment	O
libérales	O
qu	O
'	O
il	O
avait	O
manifestées	O
envers	O
la	O
Suisse	O
,	O
était	O
retourné	O
à	O
Francfort	O
etde	O
là	O
à	O
Cologne	O
,	O
d	O
'	O
où	O
il	O
vient	O
d	O
'	O
être	O
subitement	O
rappelé	O
pour	O
retourner	O
à	O
son	O
poste	O
.	O

Il	O
est	O
attendu	O
à	O
Berne	B-loc
demain	O
ou	O
après	O
demain	O
,	O
et	O
il	O
se	O
trouve	O
,	O
assure	O
-	O
l	O
-	O
on	O
,	O
porteur	O
d	O
'	O
une	O
noie	O
dont	O
le	O
contenu	O
est	O
modéré	O
el	O
le	O
ton	O
convenable	O
.	O

—	O
Quant	O
aux	O
différends	O
avec	O
Radelzki	B-pers
,	O
ils	O
paraissent	O
bien	O
près	O
de	O
s	O
'	O
aplanir	O
.	O

Dès	O
que	O
la	O
Confédération	B-org
a	O
été	O
saisie	O
de	O
celte	O
affaire	O
,	O
l	O
'	O
acerbité	O
déployée	O
par	O
le	O
gouverneneur	O
militaire	O
de	O
la	O
Lombardie	O
a	O
fait	O
place	O
tout	O
-	O
à	O
-	O
coup	O
à	O
des	O
dispositions	O
plus	O
conciliatrices	O
,	O
ce	O
qui	O
ne	O
laisseplusaucun	O
doute	O
que	O
tout	O
ce	O
qui	O
a	O
eu	O
lieu	O
était	O
essentiellement	O
dirigé	O
contre	O
le	O
gouvernement	O
du	O
Tessin	O
,	O
coupable	O
de	O
n	O
'	O
avoir	O
pas	O
su	O
assez	O
dissimuler	O
sa	O
sympathie	O
pour	O
la	O
cause	O
de	O
l	O
'	O
émancipation	O
italienne	O
.	O

On	O
a	O
donc	O
lieu	O
de	O
croire	O
que	O
la	O
réponse	O
(	O
pic	O
rapportera	O
à	O
la	O
fin	O
de	O
la	O
semaine	O
l	O
'	O
estafette	O
envoyée	O
à	O
Vienne	O
pour	O
y	O
porter	O
les	O
réclamations	O
du	O
Directoire	O
,	O
sera	O
de	O
nature	O
à	O
satisfaire	O
la	O
Confédération	O
el	O
à	O
ne	O
pas	O
léguer	O
aux	O
futures	O
autorités	O
fédérales	O
de	O
fâcheuses	O
complications	O
.	O

—	O
Une	O
des	O
préoccupations	O
les	O
plus	O
pressantes	O
du	O
moment	O
actuel	O
est	O
la	O
nomination	O
de	O
la	O
représentation	O
cantonale	O
au	O
conseil	B-org
national	I-org
.	O

Toutes	O
les	O
ambitions	O
sonl	O
en	O
jeu	O
,	O
toutes	O
se	O
livrent	O
à	O
l	O
'	O
intrigue	O
.	O

Parmi	O
les	O
partis	O
qui	O
se	O
disputent	O
le	O
terrain	O
,	O
on	O
remarque	O
principalement	O
le	O
parti	O
patricien	O
,	O
appuyé	O
par	O
les	O
hommes	O
du	O
précédent	O
régime	O
,	O
maintenant	O
à	O
l	O
'	O
acart	O
,	O
mais	O
qui	O
aspirent	O
à	O
regagner	O
leur	O
ancienne	O
influence	O
,	O
et	O
le	O
parti	O
qui	O
a	O
fait	O
la	O
révolution	O
de	O
18	O
*	O
6	O
et	O
qui	O
sent	O
aujourd	O
'	O
hui	O
le	O
besoin	O
d	O
'	O
oublier	O
ses	O
divisions	O
etde	O
rallier	O
ses	O
forces	O
.	O

De	O
là	O
desassemblées	O
préparatoires	O
presque	O
continuelles	O
et	O
des	O
listes	O
où	O
bien	O
des	O
noms	O
sont	O
étonnés	O
de	O
se	O
trouver	O
ensemble	O
.	O

Hier	O
encore	O
,	O
dans	O
une	O
assemblée	O
qui	O
a	O
eu	O
lien	O
à	O
Konitz	O
,	O
plusieurs	O
noms	O
fort	O
connus	O
,	O
tels	O
que	O
ceux	O
de	O
Ochsenbein	O
,	O
Funek	O
,	O
Imobersteg	O
,	O
D	O
Schneider	O
,	O
D	O
Wyttenbach	O
,	O
etc	O
.	O

,	O
sont	O
sortisde	O
l	O
'	O
urne	O
préparatoire	O
.	O

Il	O
existe	O
enfin	O
une	O
candidature	O
que	O
l	O
'	O
homme	O
dont	O
on	O
parle	O
n	O
'	O
a	O
rien	O
fait	O
pour	O
mettre	O
en	O
évidence	O
,	O
et	O
qui	O
a	O
néanmoins	O
de	O
grandes	O
chances	O
de	O
succès	O
,	O
c	O
'	O
est	O
celle	O
de	O
l	O
'	O
ancien	O
avoyer	O
Neuhaus	O
,	O
auquel	O
le	O
parti	O
radical	O
sait	O
gré	O
de	O
l	O
'	O
attitude	O
pleine	O
de	O
dignité	O
qu	O
'	O
il	O
a	O
prise	O
lorsque	O
les	O
événemens	O
de	O
1846	O
l	O
'	O
ont	O
mis	O
à	O
l	O
'	O
écart	O
,	O
refusant	O
obstinément	O
les	O
avances	O
du	O
parti	O
conservateur	O
qui	O
aurait	O
été	O
trop	O
heureux	O
de	O
pouvoir	O
exploiter	O
le	O
prestige	O
de	O
ce	O
nom	O
pour	O
l	O
'	O
opposer	O
au	O
régime	O
actuel	O
.	O

^	O
Du	O
resle	O
,	O
aucun	O
arrondissement	O
électoral	O
n	O
'	O
est	O
livré	O
à	O
plus	O
d	O
'	O
intrigues	O
que	O
celui	O
du	O
Jura	O
,	O
où	O
les	O
dix	O
districts	O
dont	O
il	O
se	O
compose	O
voudraient	O
avoir	O
chacun	O
son	O
représentant	O
dans	O
le	O
conseil	O
national	O
,	O
bien	O
que	O
cette	O
partie	O
du	O
canton	O
ne	O
puisse	O
y	O
envoyer	O
plus	O
de	O
trois	O
députés	O
.	O

La	O
nomination	O
qui	O
parait	O
l	O
'	O
a	O
plus	O
assurée	O
,	O
est	O
celle	O
de	O
M	O
.	O
Migy	O
,	O
juge	O
d	O
'	O
appel	O
,	O
ancien	O
commissaire	O
fédéral	O
dans	O
le	O
canton	O
d	O
'	O
Uri	O
et	O
de	O
Neuchàtel	O
,	O
et	O
qui	O
,	O
quoique	O
catholique	O
,	O
jouit	O
d	O
'	O
une	O
grande	O
popularité	O
dans	O
le	O

NOIYELLES	B-loc
ÉTRANGÈRES	I-loc
.	O

FRANGE	B-org
.	O

{	O
Correspondance	B-org
particulière	I-org
de	I-org
la	I-org
Gazette	I-org
)	O
.	O

Paris	B-loc
,	O
10	O
juillet	O
.	O

Malgré	O
les	O
assurances	O
des	O
journaux	O
semi	O
-	O
officiels	O
an	O
"	O
gliis	O
et	O
français	O
,	O
les	O
baissiers	O
avaient	O
persisté	O
à	O
nier	O
la	O
pràence	O
de	O
la	O
reine	O
d	O
'	O
Angleterre	O
aux	O
fêtes	O
de	O
Cher	O
bourg	O
;	O
le	O
Moniteur	O
vient	O
de	O
trancher	O
la	O
question	O
d	O
'	O
une	O
manière	O
péremptoire	O
,	O
en	O
annonçant	O
que	O
la	O
reine	O
Victoria	O
viendra	O
à	O
Cherbourg	O
le	O
4	O
août	O
,	O
accompagnée	O
Prince	O
-	O
époux	O
.	O
M	O
.	O
de	O
Persigny	O
,	O
chargé	O
de	O
négocier	O
celte	O
importante	O
affaire	O
en	O
qualité	O
d	O
'	O
envoyé	O
confidentiel	O
,	O
est	O
revenu	O
la	O
nuit	O
dernière	O
à	O
Paris	O
,	O
après	O
avoir	O
passé	O
plusieurs	O
jours	O
à	O
la	O
cour	O
d	O
'	O
Angleterre	O
.	O
On	O
m	O
'	O
assure	O
,	O
et	O
rien	O
dans	O
la	O
note	O
du	O
Moniteur	O
prouve	O
le	O
contraire	O
,	O
que	O
la	O
reine	O
ne	O
restera	O
qu	O
'	O
un	O
jour	O
en	O
France	O
,	O
et	O
que	O
c	O
'	O
est	O
pendant	O
cette	O
journée	O
qu	O
'	O
aura	O
lieu	O
l	O
'	O
immersion	O
de	O
l	O
'	O
arrière	O
-	O
bassin	O
.	O
Comme	O
ce	O
n	O
'	O
est	O
que	O
d	O
'	O
aujourd	O
'	O
hui	O
qu	O
'	O
on	O
est	O
vraiment	O
fixé	O
sur	O
la	O
durée	O
du	O
séjour	O
de	O
la	O
reine	O
,	O
on	O
peut	O
s	O
'	O
attendre	O
à	O
de	O
notables	O
changements	O
"	O
au	O
programme	O
.	O

Il	O
s	O
'	O
agit	O
en	O
effet	O
de	O
réunir	O
sur	O
le	O
grand	O
jour	O
les	O
principnux	O
épisodes	O
des	O
cérémonies	O
,	O
qui	O
devaient	O
primitivement	O
être	O
espacés	O
sur	O
plusieurs	O
,	O
et	O
tien	O
qu	O
'	O
il	O
doive	O
y	O
avoir	O
fête	O
avant	O
l	O
'	O
arrivée	O
de	O
la	O
reine	O
et	O
après	O
son	O
départ	O
,	O
la	O
grande	O
journée	O
sera	O
celle	O
de	O
son	O
entrevue	O
avec	O
l	O
'	O
empereur	O
.	O

M	B-pers
.	I-pers
le	I-pers
ministre	I-pers
de	I-pers
la	I-pers
marine	I-pers
a	O
déjà	O
donné	O
l	O
'	O
ordre	O
de	O
changer	O
le	O
texte	O
de	O
l	O
'	O
inscription	O
qui	O
doit	O
constater	O
l	O
'	O
achèvement	O
des	O
travaux	O
et	O
l	O
'	O
inauguration	O
du	O
bassin	O
à	O
flot	O
.	O

La	O
présence	O
de	O
la	O
reine	B-pers
Victoria	I-pers
y	O
sera	O
mention	O
née	O
.	O

Lord	B-pers
Malmesbury	I-pers
,	O
lord	O
Derby	O
et	O
M	O
.	O
Disraeli	O
,	O
accompagnés	O
du	O
duc	O
de	O
Malakoff	O
,	O
feront	O
partie	O
de	O
la	O
suite	O
de	O
la	O
reine	O
.	O

Aujourd	O
'	O
hui	O
,	O
nouvelle	O
séance	O
de	O
la	O
Conférence	O
.	O

M	B-pers
le	I-pers
comte	I-pers
de	I-pers
Walewski	I-pers
y	O
a	O
été	O
chargé	O
de	O
la	O
rédaction	O
des	O
protocoles	O
.	O

L	O
'	O
avant	O
-	O
dernière	O
séance	O
,	O
au	O
château	O
d	O
'	O
Eliolles	O
,	O
a	O
confirmé	O
les	O
espérances	O
d	O
'	O
une	O
solution	O
prochaine	O
et	O
paisible	O
de	O
la	O
question	O
des	O
Principautés	O
.	O

On	O
continue	O
à	O
être	O
d	O
'	O
accord	O
sur	O
le	O
système	O
à	O
adopter	O
,	O
à	O
part	O
quelques	O
points	O
de	O
détail	O
sans	O
importance	O
.	O

Quelques	O
correspondances	O
de	O
journaux	O
,	O
généralement	O
mal	O
informées	O
,	O
et	O
en	O
tête	O
,	O
celles	O
du	O
Nord	O
,	O
dont	O
la	O
prin	O
cipale	O
occupation	O
est	O
de	O
donner	O
des	O
démentis	O
perpétuels	O
à	O
Y	O
Indépendance	O
belge	O
,	O
ont	O
fait	O
grand	O
bruit	O
du	O
secret	O
Conférences	O
,	O
pour	O
se	O
dispenser	O
d	O
'	O
en	O
parler	O
.	O

Il	O
y	O
a	O
eu	O
secret	O
,	O
c	O
'	O
est	O
exact	O
,	O
mais	O
il	O
n	O
'	O
a	O
pas	O
été	O
tel	O
que	O
quelques	O
portes	O
ne	O
soient	O
restées	O
entrebaillées	O
et	O
qu	O
'	O
on	O
n	O
'	O
ait	O
pu	O
savoir	O
quelques	O
petites	O
choses	O
par	O
des	O
voies	O
indirectes	O
et	O
cependant	O
sûres	O
.	O

Un	O
petit	O
nombre	O
de	O
personnes	B-pers
ont	O
ont	O
donc	O
eu	O
certains	O
détails	O
qui	O
étaient	O
loin	O
de	O
tout	O
dire	O
,	O
mais	O
qui	O
laissaient	O
entrevoir	O
la	O
situation	O
véritable	O
.	O

On	O
a	O
mis	O
cependant	O
quelque	O
retenue	O
dans	O
les	O
dernières	O
communications	O
qui	O
m	O
'	O
ont	O
été	O
faites	O
.	O

Voici	O
pourtant	O
un	O
fait	O
.	O

Le	O
sénat	O
qui	O
doit	O
former	O
le	O
trait	O
-	O
d	O
'	O
union	O
administratif	O
entre	O
la	O
Moldavie	O
et	O
la	O
Valachie	O
,	O
représentée	O
par	O
leurs	O
divans	O
,	O
ne	O
se	O
réunirait	O
que	O
tous	O
les	O
deux	O
ans	O
et	O
ne	O
pourrait	O
émettre	O
que	O
des	O
vœux	O
.	O

Si	O
cela	O
est	O
considéré	O
comme	O
un	O
des	O
points	O
de	O
détail	O
encore	O
en	O
litige	O
,	O
il	O
est	O
facile	O
de	O
comprendre	O
que	O
les	O
plénipotentiaires	O
se	O
soient	O
facilement	O
entendus	O
sur	O
le	O
reste	O
.	O

Le	O
prince	B-pers
Napoléon	I-pers
se	O
prépare	O
à	O
prononcer	O
un	O
grand	O
discours	O
à	O
l	O
'	O
exposition	O
de	O
Limoges	O
.	O

On	O
croit	O
que	O
ce	O
sera	O
son	O
discours	O
de	O
Bordeaux	B-loc
.	O

Reste	O
à	O
savoir	O
s	O
'	O
il	O
réussira	O
y	O
intercaler	O
le	O
pendant	O
du	O
mot	O
célèbre	O
:	O
«	O
L	O
'	O
empire	O
c	O
'	O
est	O
la	O
paix	O
!	O
»	O
Pour	O
la	O
première	O
fois	O
depuis	O
sept	O
mois	O
,	O
le	O
Morning	O
des	O
Adoerliser	O
n	O
'	O
a	O
pas	O
été	O
saisi	O
à	O
la	O
poste	O
.	O

On	O
l	O
'	O
a	O
vu	O
aujour	O
d	O
'	O
hui	O
publiquement	O
exposé	O
dans	O
les	O
salons	O
de	O
lecture	O
du	O
Galignani	O
.	O

C	O
'	O
est	O
bien	O
l	O
'	O
une	O
des	O
preuves	O
les	O
plus	O
décisi	O
ves	O
du	O
changement	O
qui	O
s	O
'	O
est	O
opéré	O
à	O
l	O
'	O
égard	O
de	O
la	O
presse	O
.	O

La	O
loi	B-prod
sur	I-prod
la	I-prod
diffamation	I-prod
va	O
être	O
révisée	O
dans	O
le	O
but	O
d	O
'	O
aggraver	O
les	O
dispositions	O
pénales	O
contre	O
ce	O
genre	O
de	O
délits	O
.	O

Vous	O
savez	O
que	O
le	O
Sultan	B-pers
nous	O
a	O
fait	O
l	O
'	O
insigne	O
faveur	O
,	O
en	O
reconnaissance	O
des	O
,	O
bons	O
.	O

s	O
,	O
ervjçes	O
.	O

que	O
nous	O
lui	O
avons	O
rendus	O
,	O
de	O
nous	O
concéder	O
l	O
'	O
église	O
en	O
ruines	O
de	O
Sainte	O
-	O
Anne	O
,	O
à	O
Jérusalem	O
,	O
avec	O
l	O
'	O
autorisation	O
de	O
la	O
relever	O
.	O

Les	O
plans	O
de	O
reconstruction	O
viennent	O
d	O
'	O
en	O
être	O
approuvés	O
par	O
le	O
Conseil	O
des	O
bâtiments	O
civils	O
à	O
Paris	O
et	O
les	O
travaux	O
en	O
commenceront	O
immédiatement	O
grâces	O
à	O
une	O
subvention	O
de	O
J	O
40,000	O
fr	O
.	O
donnée	O
par	O
le	O
ministre	O
des	O
affaires	O
étrangères	O
.	O

M	B-pers
.	I-pers
de	I-pers
Montigny	I-pers
,	O
consul	O
français	O
à	O
Shanghaï	O
va	O
,	O
diton	O
,	O
être	O
appelé	O
au	O
consulat	O
nouvellement	O
créé	O
de	O
Simoda	O
,	O
dans	O
le	O
Japon	O
.	O

Le	O
Théâtre	B-prod
-	I-prod
lyrique	I-prod
a	O
été	O
vendu	O
à	O
M	B-pers
.	I-pers
Van	I-pers
-	I-pers
den	I-pers
-	I-pers
Heusel	I-pers
gendre	O
du	O
célèbre	O
Duprez	B-pers
Mme	B-pers
Von	I-pers
-	I-pers
den	I-pers
-	I-pers
Heusel	I-pers
remplacera	O
comme	O
prima	O
-	O
donna	O
Mme	B-pers
Miolhan	I-pers
-	I-pers
Carvalbo	I-pers
,	O
qui	O
passera	O
à	O
l	O
'	O
Opéra	O
aux	O
appointements	O
de	O
70,000	O
francs	O
par	O
an	O
.	O

Le	B-prod
Moniteur	I-prod
d	O
'	O
hier	O
publie	O
la	O
circulaire	O
du	O
ministre	O
de	O
la	O
justice	O
aux	O
tribunaux	O
et	O
officiers	O
de	O
justice	O
,	O
relativement	O
à	O
l	O
'	O
exécution	O
de	O
la	O
loi	O
sur	O
les	O
faux	O
titres	O
.	O

Elle	O
n	O
'	O
annonce	O
pas	O
des	O
intentions	O
bien	O
féroces	O
,	O
puisqu	O
'	O
aucune	O
poursuite	O
ne	O
pourra	O
être	O
commencée	O
sans	O
qu	O
'	O
on	O
en	O
ait	O
référé	O
au	O
ministère	O
;	O
mais	O
le	O
revers	O
de	O
la	O
médaille	O
,	O
c	O
'	O
est	O
une	O
circulaire	O
complémentaire	O
de	O
M	O
.	O
Delangle	O
aux	O
préfets	O
,	O
qui	O
indique	O
les	O
instructions	O
fort	O
sévères	O
à	O
donner	O
aux	O
maires	O
faisant	O
fonctions	O
d	O
'	O
officiers	O
d	O
'	O
état	O
civil	O
.	O

Ceux	O
-	O
ci	O
ne	O
devront	O
recevoir	O
aucune	O
déclaration	O
de	O
naissance	O
ou	O
de	O
décès	O
,	O
sans	O
que	O
les	O
noms	O
et	O
qualités	O
aient	O
été	O
justifiés	O
d	O
'	O
une	O
manière	O
suffisante	O
par	O
des	O
té	O
moins	O
et	O
des	O
parents	O
.	O

A	O
côté	O
de	O
ces	O
mesures	O
,	O
il	O
est	O
toujours	O
question	O
de	O
créer	O
une	O
noblesse	O
impériale	O
.	O

On	O
m	O
'	O
affirme	O
qu	O
'	O
en	O
ce	O
moment	O
même	O
le	O
gouvernement	O
élabore	O
un	O
projet	O
de	O
loi	O
dans	O
ce	O
sens	O
.	O

!	O

Ce	O
serait	O
certainement	O
une	O
excellente	O

NOUVELLES	B-loc
ETRANGERES	I-loc
(	O
Correspondanceparticulière	O
de	O
la	O
GAZETTE	B-org
.	O
)	O
Paris	O
,	O
le	O
22	O
octobre	O
1868	O
.	O

On	O
parle	O
plus	O
que	O
jamais	O
de	O
la	O
retraite	O
du	O
maréchal	B-pers
Niel	I-pers
.	O

Je	O
vous	O
ai	O
raconté	O
ce	O
qui	O
s	O
'	O
est	O
passé	O
,	O
quand	O
l	O
'	O
empereur	O
était	O
encore	O
à	O
Biarritz	O
,	O
au	O
sujet	O
des	O
semestriers	O
.	O

Le	O
maréchal	B-pers
avait	O
offert	O
sa	O
démission	O
parce	O
que	O
l	O
'	O
empereur	B-pers
voulait	O
que	O
l	O
'	O
on	O
renvoyât	O
15	O
hommes	O
par	O
compagnie	O
,	O
ce	O
qui	O
,	O
aux	O
yeux	O
du	O
ministre	O
,	O
devait	O
amener	O
une	O
désorganisation	O
de	O
l	O
'	O
armée	O
.	O

L	O
'	O
empereur	B-pers
finit	O
par	O
céder	O
el	O
le	O
maréchal	B-pers
Niel	I-pers
consentit	O
à	O
garder	O
son	O
portefeuille	O
.	O

Mais	O
maintenant	O
deux	O
ou	O
trois	O
ministres	B-pers
poussent	O
l	O
'	O
empereur	B-pers
pour	O
qu	O
'	O
il	O
aille	O
plus	O
loin	O
.	O

Ils	O
vont	O
jusqu	O
'	O
à	O
demander	O
la	O
résurrection	O
des	O
cadres	O
.	O

Ce	O
n	O
'	O
est	O
pas	O
tout	O
:	O
Vous	O
connaissez	O
l	O
'	O
étal	O
de	O
l	O
'	O
armée	O
française	O
et	O
son	O
organisation	O
;	O
vous	O
savez	O
que	O
les	O
congés	O
ne	O
signifient	O
pas	O
grand	O
chose	O
parce	O
que	O
les	O
hommes	O
congédiés	O
peuvent	O
être	O
rappelés	O
sous	O
ies	O
drapeaux	O
dans	O
l	O
'	O
espace	O
de	O
24	O
heures	O
,	O
mais	O
en	O
vue	O
des	O
éventualités	O
qui	O
pourraient	O
surgir	O
d	O
'	O
un	O
instant	O
à	O
l	O
'	O
autre	O
,	O
on	O
avait	O
acheté	O
un	O
très	O
grand	O
nombre	O
de	O
chevaux	O
,	O
de	O
çon	O
que	O
la	O
cavalerie	O
et	O
l	O
'	O
artillerie	O
se	O
trouvaient	O
au	O
grand	O
complet	O
de	O
guerre	O
.	O

Eh	O
bien	O
!	O
les	O
ministres	O
en	O
question	O
i	O
-	O
islent	O
pour	O
que	O
les	O
réductions	O
portent	O
également	O
sur	O
ce	O
point	O
.	O

Et	O
sur	O
ce	O
point	O
le	O
maréchal	B-pers
Niel	I-pers
est	O
intraitable	O
.	O

Il	O
a	O
répondu	O
qu	O
'	O
il	O
n	O
'	O
en	O
était	O
pas	O
de	O
la	O
cavalerie	O
comme	O
dèl	O
'	O
infanterie	O
;	O
que	O
les	O
chevaux	O
dressés	O
ne	O
s	O
'	O
improvisent	O
pas	O
d	O
'	O
un	O
coup	O
de	O
tygnette	O
;	O
et	O
il	O
a	O
offert	O
davnouveau	O
sa	O
démission	O
.	O

Cela	O
lie	O
veut	O
pas	O
dire	O
qu	O
'	O
il	O
y	O
sera	O
donné	O
suite	O
.	O

Je	O
crois	O
même	O
pouvoir	O
vous	O
dire	O
qu	O
'	O
hier	B-time
cette	O
démission	O
n	O
'	O
était	O
pas	O
acceptée	O
,	O
mais	O
enfin	O
je	O
vous	O
raconte	O
ce	O
qui	O
est	O
d	O
'	O
hui	O
,	O
sans	O
me	O
préoccuper	O
de	O
ce	O
qui	O
sera	O
demain	O
.	O

Du	O
reste	O
,	O
je	O
vous	O
l	O
'	O
ai	O
dit	O
déjà	O
et	O
je	O
vou	O
6	O
le	O
répète	O
,	O
on	O
va	O
trop	O
vita	O
dans	O
les	O
bruits	O
optimistes	O
comme	O
naguère	O
encore	O
on	O
exagérait	O
les	O
appréhensions	O
.	O

Parler	O
de	O
réduire	O
les	O
cadrés	B-org
est	O
chose	O
absurde	O
.	O

Soyez	O
convaincu	O
que	O
l	O
'	O
on	O
n	O
'	O
ira	O
pas	O
au	O
delà	O
de	O
ce	O
qui	O
a	O
été	O
fait	O
.	O

Ne	O
faut	O
-	O
il	O
pas	O
toujours	O
être	O
en	O
mesure	O
?	O

Est	O
-	O
ce	O
que	O
les	O
questions	O
qui	O
pesaient	O
sur	O
l'<org>opinion	O
'	O
opinion	O
publique	I-org
sont	O
résolues	O
?	O

Est	O
-	O
ce	O
que	O
la	O
situation	O
est	O
changée	O
?	O

Lisez	O
la	O
note	O
publiée	O
ce	O
malin	O
par	O
le	B-org
Constitutionnel	I-org
et	O
qui	O
est	O
le	O
véritable	O
événement	O
du	O
jour	O
.	O

Cette	O
note	O
confirme	O
tout	O
ce	O
que	O
je	O
vous	O
ai	O
dit	O
de	O
la	O
publication	O
-	O
prochaine	O
des	O
quatre	O
cartes	O
faites	O
au	O
ministère	B-org
de	I-org
la	I-org
guerre	I-org
par	O
ordre	O
de	O
l	O
'	O
empereur	B-pers
.	O

Je	O
remarque	O
même	O
en	O
passant	O
queje	O
Conslitutionnel	O
n	O
'	O
en	O
indique	O
que	O
trois	O
.	O

En	O
aurait	O
-	O
on	O
primé	O
une	O
depuis	O
le	O
reteur	O
de	O
Biarritz	B-loc
?	O

Toujours	O
est	O
-	O
il	O
que	O
je	O
vous	O
ai	O
annoncé	O
cette	O
nouvelle	O
depuis	O
bien	O
longtemps	O
.	O

Yoici	O
un	O
petit	O
fait	O
qui	O
,	O
s	O
'	O
il	O
venait	O
à	O
se	O
réaliser	O
,	O
produirait	O
une	O
vive	O
sensation	O
à	O
Paris	O
.	O

Déjà	O
on	O
en	O
cause	O
beaucoup	O
et	O
avec	O
,	O
animation	O
.	O

Il	O
s	O
'	O
agirait	O
de	O
fermer	O
le	O
24	O
novembre	O
tous	O
les	O
cimetières	O
de	O
Paris	O
au	O
public	O
.	O

Cette	O
mesure	O
serait	O
prise	O
surtout	O
en	O
réalité	O
à	O
cause	O
du	O
cimetière	B-loc
Montmartre	I-loc
où	O
se	O
trouve	O
la	O
tombe	O
du	O
général	B-pers
Cavaignac	I-pers
.	O

On	O
craint	O
une	O
affluence	O
trop	O
nombreuse	O
autour	O
de	O
cette	O
tombe	O
et	O
des	O
manifestations	O
;	O
mais	O
le	O
public	O
parisien	B-loc
a	O
le	O
culte	O
des	O
morts	O
;	O
je	O
ne	O
crois	O
pas	O
que	O
l	O
'	O
administration	B-org
et	O
la	O
préfecture	B-org
de	I-org
police	I-org
puissent	O
persister	O
dans	O
ce	O
projet	O
.	O

Pendant	O
tous	O
ces	O
derniers	O
jours	O
,	O
j	O
'	O
ai	O
vu	O
affiché	O
à	O
la	O
vitrine	O
l	O
'	O
almanach	O
de	O
la	O
Lanterne	O
par	O
M	O
.	O
Henri	O
Rochefort	O
.	O

Or	O
,	O
la	O
préfecture	O
de	O
police	O
vient	O
d	O
'	O
interdire	O
cette	O
affiche	O
.	O

Avis	O
en	O
a	O
été	O
donné	O
aux	O
libraires	B-org
ce	O
matin	B-time
.	O

Les	O
journaux	O
ont	O
annoncé	O
qu	O
'	O
un	O
des	O
fils	O
de	O
M	O
.	O
Walewski	O
,	O
jeune	O
homme	O
de	O
20	O
ans	O
,	O
venait	O
d	O
'	O
être	O
attaché	O
au	O
ministère	O
des	O
affaires	O
étrangères	O
,	O
mais	O
pour	O
les	O
fonctions	O
qu	O
'	O
il	O
a	O
à	O
remplir	O
il	O
faut	O
avoir	O
le	O
grade	O
universitaire	O
de	O
licencié	O
,	O
et	O
il	O
paraît	O
qu	O
'	O
il	O
n	O
'	O
a	O
pas	O
même	O
pu	O
être	O
reçu	O
bachelier	O
.	O

Au	O
ministère	B-org
des	I-org
affaires	I-org
étrangères	I-org
,	O
parmi	O
le	O
personnel	O
,	O
on	O
envisage	O
cette	O
nomination	O
comme	O
une	O
simple	O
faveur	O
au	O
détriment	O
de	O
certains	O
autres	O
employés	O
.	O

On	O
exploite	O
avec	O
avidité	O
cette	O
infraction	O
aux	O
règlements	O
.	O

M	B-pers
.	I-pers
Sarcey	I-pers
a	O
été	O
appelé	O
cette	O
après	O
-	O
midi	O
devant	O
le	O
juge	O
d	O
'	O
instruction	O
pour	O
un	O
article	O
inséré	O
dans	O
le	O
Journal	O
de	O
Paris	O
et	O
dans	O
lequel	O
il	O
était	O
question	O
de	O
certains	O
exploits	O
d	O
'	O
un	O
procureur	O
-	O
général	O
,	O
aujourd	O
'	O
hui	O
président	O
dans	O
le	O
ressort	O
de	O
Paris	O
.	O

Si	O
le	O
parquet	B-org
donne	O
suite	O
à	O
l	O
'	O
affaire	O
,	O
vous	O
pouvez	O
vous	O
attendre	O
à	O
un	O
procès	O
intéressant	O
.	O

Il	O
s	O
'	O
agit	O
d	O
'	O
un	O
magistrat	O
appelé	O
à	O
.	O

dîner	O
chez	O
des	O
amis	B-pers
.	O

Deux	O
convives	O
,	O
revenant	O
de	O
la	O
chasse	O
s	O
'	O
arrêtent	O
dans	O
une	O
auberge	O
où	O
un	O
ouvrier	O
un	O
peu	O
pris	O
parle	O
fort	O
drôlement	O
contre	O
l	O
'	O
empereur	O
.	O

Les	O
jeunes	O
gens	O
racontent	O
en	O
plaisantant	O
à	O
table	O
les	O
propos	O
qu	O
'	O
ils	O
ont	O
entendus	O
;	O
le	O
magistrat	O
en	O
rit	O
beaucoup	O
,	O
mais	O
le	O
lendemain	O
il	O
fait	O
poursuivre	O
le	O
malheureux	O
ouvrier	O
qui	O
est	O
condamné	O
à	O
un	O
mois	O
de	O
prison	O
.	O

Une	O
correspondance	O
_	O
de	O
Paris	B-loc
adressée	O
au	O
Nord	B-loc
lui	O
donne	O
un	O
renseignement	O
assez	O
imprévu	O
:	O
c	O
'	O
est	O
que	O
le	O
but	O
du	O
futur	O
concile	O
,	O
d	O
'	O
après	O
les	O
éléments	O
qui	O
se	O
préparent	O
,	O
ne	O
serait	O
pas	O
réactionnaire	O
,	O
comme	O
on	O
le	O
présumait	O
,	O
mais	O
au	O
contraire	O
,	O
dans	O
une	O
certaine	O
mesure	O
,	O
progressiste	O
.	O

Le	O
concile	O
,	O
dans	O
la	O
pensée	O
du	O
Pape	O
et	O
du	O
sacré	O
-	O
collége	O
,	O
n	O
'	O
aurait	O
pas	O
à	O
s	O
'	O
occuper	O
de	O
questions	O
dogmatiques	O
.	O

Il	O
aurait	O
pour	O
objet	O
de	O
tracer	O
un	O
modus	O
vivendi	O
renouvelé	O
entre	O
l	O
'	O
Eglise	B-org
et	O
la	O
société	O
.	O

C	O
'	O
est	O
la	O
ligne	O
de	O
conduite	O
et	O
la	O
politique	O
de	O
l	O
'	O
Eglise	O
avec	O
les	O
Etats	O
qui	O
doivent	O
être	O
déterminées	O
par	O
l	O
'	O
assemblée	O
des	O
évêques	O
.	O

Au	O
milieu	O
du	O
grand	O
mouvement	O
de	O
rénovation	O
'	O
du	O
monde	O
et	O
des	O
influences	O
créées	O
par	O
la	O
prédominance	O
des	O
intérêts	O
matériels	O
,	O
par	O
l	O
'	O
extension	O
de	O
la	O
science	O
et	O
de	O
l	O
'	O
instruction	O
,	O
par	O
l	O
'	O
affranchissement	O
des	O
esprits	O
,	O
le	O
Pape	O
aurait	O
compris	O
que	O
la	O
religion	O
perdait	O
insensiblement	O
son	O
autorité	O
,	O
si	O
elle	O
ne	O
s	O
'	O
at	O
6	O
ociait	O
au	O
progrès	O
pour	O
le	O
régler	O
,	O
si	O
elle	O
ne	O
se	O
prêtait	O
elle	O
-	O
même	O
à	O
une	O
conciliation	O
.	O

Faire	O
sortir	O
le	O
catholicisme	B-org
de	O
son	O
isolement	O
,	O
tel	O
serait	O
le	O
but	O
du	O
concil	O
œcuménique	O
.	O

—	O
La	O
commission	O
mixte	O
chargée	O
d	O
'	O
étudier	O
la	O
question	O
des	O
forteresses	O
de	O
l	O
'	O
Est	O
vient	O
de	O
se	O
séparer	O
,	O
d	O
'	O
après	O
ce	O
qu	O
'	O
annonce	O
une	O
note	O
insérée	O
au	O
Moniteur	O
,	O
qui	O
néglige	O
d	O
'	O
indiquer	O
le	O
résultat	O
de	O
ses	O
travaux	O
.	O

Le	O
Bulletin	O
international	O
croit	O
être	O
en	O
mesure	O
de	O
suppléer	O
en	O
partie	O
à	O
ce	O
silence	O
:	O
«	O
La	O
Bavière	O
,	O
dit	O
-	O
il	O
,	O
a	O
résolu	O
et	O
accepté	O
la	O
démolition	O
des	O
fortifications	O
de	O
Landau	O
;	O
la	O
France	O
,	O
de	O
son	O
côté	O
,	O
démantellerait	O
quelques	O
places	O
frontières	O
.	O
Les	O
deux	O
puissances	O
réunies	O
seraient	O
ensuite	O
fondées	O
à	O
mettre	O
la	O
Prusse	O
en	O
demeure	O
de	O
renverser	O
à	O
son	O
tour	O
quelques	O
-	O
unes	O
de	O
ses	O
forteresses	O
les	O
plus	O
menaçantes	O
;	O
nous	O
n	O
'	O
en	O
connaissons	O
pas	O
de	O
plus	O
formidable	O
que	O
celle	O
de	O
Mayence	O
.	O
Est	O
ce	O
sur	O
elle	O
que	O
portera	O
la	O
mise	O
en	O
demeure	O
?	O
»	O
—	O
On	O
lit	O
dans	O
le	O
Journal	O
de	O
Paris	O
:	O
«	O
Hier	O
a	O
eu	O
lieu	O
le	O
dîner	O
que	O
M	O
.	O
Yillemessant	O
donnait	O
aux	O
rédacteurs	O
du	O
Figaro	O
,	O
pour	O
célébrer	O
le	O
succès	O
jusqu	O
'	O
ici	O
sans	O
précédent	O
du	O
Diable	O
à	O
Quatre	O
.	O
Il	O
y	O
a	O
eu	O
entre	O
les	O
huîtres	O
et	O
le	O
potage	O
une	O
surprise	O
:	O
c	O
'	O
a	O
été	O
l	O
'	O
arrivée	O
de	O
M	O
.	O
Jules	O
Richard	O
,	O
actuellement	O
détenu	O
à	O
Sainte	O
-	O
Pélagie	O
pour	O
un	O
péché	O
de	O
presse	O
.	O
M	O
.	O
le	O
préfet	O
de	O
police	O
lui	O
avait	O
gracieusèment	O
octroyé	O
l	O
'	O
autorisation	O
de	O
se	O
réunir	O
,	O
pour	O
cette	O
soirée	O
.	O
à	O
ses	O
collaborateurs	O
et	O
amis	O
.	O
Quelque	O
étonnés	O
qu	O
'	O
aient	O
été	O
ceux	O
-	O
ci	O
de	O
voir	O
arriver	O
M	O
.	O
Jules	O
Richard	O
,	O
le	O
plus	O
né	O
était	O
eocoçe	O
M	O
.	O
Jules	O
Richard	O
lui	O
-	O
même	O
pour	O
qui	O
on	O
avait	O
demandé	O
,	O
sans	O
qu	O
'	O
il	O
le	O
sût	O
,	O
cette	O
petite	O
permission	O
de	O
minuit	O
.	O
Pour	O
sa	O
part	O
de	O
bénéfices	O
dans	O
le	O
premier	O
numéro	O
du	O
Diable	O
à	O
Quatre	O
,	O
M	O
.	O
Edouard	O
Lockroy	O
a	O
reçu	O
1600	O
fr	O
.	O
Ce	O
chiffre	O
ne	O
représente	O
que	O
le	O
seizième	O
du	O
bénéfice	O
net	O
de	O
ce	O
premier	O
numéro	O
,	O
tous	O
frais	O
déduits	O
,	O
et	O
il	O
avait	O
été	O
fait	O
des	O
frais	O
considérables	O
d	O
'	O
affiches	O
et	O
d	O
'	O
annonces	O
.	O
Le	O
bénéfice	O
net	O
du	O
premier	O
numéro	O
du	O
Diable	O
à	O
Quatre	O
,	O
malgré	O
tous	O
les	O
frais	O
exceptionnels	O
d	O
'	O
un	O
premier	O
numéro	O
,	O
a	O
donc	O
été	O
de	O
28	O
mille	O
fr	O
.	O
Sur	O
ce	O
pied	O
,	O
les	O
bérçéfiçes	O
.	O
apouels	O
de	O
l	O
^	O
pcialion	O
formée	O
pour	O
la	O
rédaction	O
e	O
,	O
t	O
la	O
publication	O
du	O
Diable	O
à	O
Qua	O
tre	O
s	O
'	O
élèveront	O
à	O
un	O
million	O
trois	O
cent	O
raille	O
francs	O
par	O
an	O
.	O
Voilà	O
où	O
en	O
est	O
en	O
France	O
la	O
manie	O
des	O
brochures	O
couleur	O
de	O
feu	O
,	O
sur	O
le	O
modèle	O
de	O
la	O
Lanterne	O
.	O
»	O
Italie	O
.	O

—	O
La	O
Gazetta	B-org
militare	I-org
italiana	I-org
publie	O
le	O
tableau	O
numérique	O
des	O
5416	O
arrestations	O
opérées	O
par	O
les	O
douze	O
légions	O
de	O
carabiniers	O
royaux	O
dans	O
le	O
courant	O
du	O
mois	O
d'<time>août	O
'	O
août	O
dernier	I-time
.	O

Les	O
arrestations	O
pour	O
meurtre	O
ont	O
été	O
de	O
301	O
;	O
pour	O
vols	O
à	O
main	O
armée	O
,	O
192	O
;	O
pour	O
blessures	O
,	O
747	O
;	O
pour	O
vols	O
,	O
1261	O
;	O
pour	O
incendies	O
criminels	O
,	O
38	O
;	O
pour	O
rébellion	O
oonlre	O
la	O
force	O
publique	O
,	O
219	O
;	O
pour	O
évasion	O
,	O
12	O
;	O
pour	O
désertion	O
,	O
63	O
;	O
pour	O
résistance	O
à	O
la	O
levée	O
,	O
54	O
;	O
pour	O
causes	O
diverses	O
,	O
2529	O
.	O

Le	O
plus	O
granl	O
nombre	O
d	O
'	O
arrestations	O
,	O
862	O
,	O
a	O
été	O
opéré	O
parla	O
légion	O
de	O
Florence	O
;	O
le	O
plus	O
petit	O
nombre	O
,	O
97	O
,	O
par	O
celle	O
de	O
Cagliari	O
.	O

Prusse	B-loc
.	O

—	O
On	O
écrit	O
de	O
Berlin	B-loc
au	O
Nord	O
:	O
«	O
Si	O
des	O
nouvelles	O
de	O
la	O
récolte	O
sont	O
toujours	O
d	O
'	O
un	O
intérêt	O
général	O
,	O
elles	O
le	O
sont	O
bien	O
plus	O
que	O
de	O
coutume	O
encore	O
lorsqu	O
'	O
elles	O
concernent	O
les	O
contrées	O
orientales	O
de	O
la	O
Prusse	O
,	O
qui	O
ont	O
été	O
si	O
durement	O
éprouvées	O
l	O
'	O
année	O
passée	O
,	O
comme	O
,	O
par	O
exemple	O
,	O
le	O
district	O
de	O
Gumbinnen	O
.	O
Les	O
rapports	O
sur	O
la	O
situation	O
actuelle	O
dans	O
cette	O
région	O
,	O
dressés	O
d	O
'	O
après	O
les	O
états	O
officiels	O
reçus	O
au	O
ministère	O
de	O
l	O
'	O
agricultu	O
re	O
,	O
constatent	O
heureusement	O
-	O
une	O
amélioration	O
sérieuse	O
.	O
»	O
Nous	O
sommes	O
heureux	O
de	O
voir	O
que	O
le	O
triste	O
sort	O
des	O
affamés	O
de	O
Prusse	O
,	O
pour	O
nous	O
servir	O
de	O
l	O
'	O
expression	O
du	O
Nouvelliste	O
,	O
n	O
'	O
offre	O
plus	O
les	O
mêmes	O
craintes	O
que	O
l	O
'	O
année	O
dernière	O
,	O
et	O
que	O
le	O
don	O
généreux	O
envoyé	O
de	O
Berlin	O
pour	O
les	O
inondés	O
de	O
la	O
Suisse	O
ne	O
leur	O
sera	O
nullement	O
préjudiciable	O
.	O

Autriche	B-loc
.	O

—	O
Le	O
tribunal	O
de	O
première	O
instance	O
de	O
Prague	B-loc
,	O
siégeant	O
comme	O
tribunal	O
de	O
presse	O
,	O
a	O
défendu	O
la	O
distribution	O
de	O
l	O
'	O
instruction	O
des	O
évêques	O
de	O
Bohême	O
,	O
en	O
date	O
du	O
3	O
juin	O
de	O
cette	O
année	O
et	O
publiée	O
dans	O
un	O
journal	O
de	O
Prague	B-loc
,	O
cette	O
-	O
publication	O
constituant	O
le	O
crime	O
de	O
perturbation	O
de	O
la	O
tranquillité	O
publique	O
.	O

On	O
se	O
rappelle	O
que	O
cette	O
instruction	O
et	O
une	O
lettre	O
pastorale	O
,	O
qui	O
a	O
été	O
également	O
poursuivie	O
,	O
contenaient	O
de	O
vives	O
protestations	O
contre	O
les	O
récentes	O
lois	O
votées	O
en	O
Autriche	O
,	O
sur	O
le	O
mariage	O
et	O
l	O
'	O
enseignement	O
.	O

—	O
La	B-org
Gazette	I-org
de	I-org
Vienne	I-org
dément	O
le	O
bruit	O
répandu	O
par	O
quelques	O
journaux	O
,	O
que	O
le	O
ministère	O
soit	O
revenu	O
à	O
l	O
'	O
idée	O
de	O
diviser	O
l	O
'	O
a	O
Gallicie	O
en	O
deux	O
parties	O
.	O

—	O
Le	O
comte	B-pers
de	I-pers
Taaffe	I-pers
a	O
présenté	O
au	O
Reichsrath	B-org
plusieurs	O
projets	O
,	O
de	O
loi	O
concernant	O
l	O
'	O
armée	O
,	O
la	O
landwehr	O
,	O
la	O
landslurm	O
.	O

Aux	O
termes	O
de	O
ces	O
projets	O
,	O
le	O
gouvernement	O
propose	O
un	O
service	O
de	O
trois	O
ans	O
dans	O
les	O
troupes	O
de	O
ligne	O
,	O
de	O
sept	O
ans	O
dans	O
la	O
réserve	O
,	O
et	O
un	O
effectif	O
de	O
huit	O
.	O

cent	O
mille	O
hommes	O
pour	O
l	O
'	O
ensemble	O
des	O
forces	O
de	O
terre	O
et	O
de	O
mer	O
.	O

Le	O
projet	O
fait	O
ressortir	O
l	O
'	O
union	O
intime	O
des	O
deux	O
parties	O
transleilhanienne	O
et	O
cisleithanienne	O
de	O
l	O
'	O
empiije	O
.	O

Le	O
comte	B-pers
de	I-pers
Taaffe	I-pers
a	O
recommandé	O
l	O
'	O
examen	O
d	O
'	O
urgence	O
pour	O
le	O
projet	O
,	O
en	O
présence	O
de	O
la	O
situation	O
générale	O
de	O
l	O
'	O
Europe	O
.	O

—	O
La	O
Chambre	B-org
des	I-org
députés	I-org
de	O
Peslh	B-loc
a	O
adopté	O
,	O
à	O
une	O
grande	O
majorité	O
,	O
le	O
maintien	O
provisoire	O
de	O
la	O
juridiction	O
spirituelle	O
en	O
matière	O
de	O
mariage	O
.	O

M	B-pers
.	I-pers
Deak	I-pers
a	O
parlé	O
en	O
faveur	O
de	O
ce	O
maintien	O
.	O

M	B-pers
.	I-pers
Tisza	I-pers
a	O
soutenu	O
le	O
projet	O
de	O
loi	O
sur	O
le	O
mariage	O
civil	O
.	O

—	O
On	O
lit	O
dans	O
la	O
Presse	B-org
,	O
de	O
Vienne	O
,	O
du	O
19	O
:	O
«	O
L	O
'	O
agitation	O
des	O
Tchèques	O
se	O
trouve	O
encore	O
une	O
fois	O
déçue	O
dans	O
une	O
de	O
ses	O
espérances	O
.	O
Elle	O
désirait	O
beaucoup	O
imprimer	O
à	O
ses	O
menées	O
le	O
cachet	O
d	O
'	O
une	O
affaire	O
européenne	O
,	O
et	O
c	O
'	O
est	O
pour	O
cela	O
qu	O
'	O
on	O
avait	O
annoncé	O
que	O
le	O
ministre	O
des	O
affaires	O
étrangères	O
avait	O
envoyé	O
aux	O
puissances	O
une	O
che	O
-	O
circulaire	O
destinée	O
à	O
expliquer	O
les	O
mesures	O
exceptionnelles	O
prises	O
en	O
Bohême	O
.	O
Il	O
nous	O
était	O
difficile	O
de	O
croire	O
que	O
le	O
gouvernement	O
attachât	O
assez	O
d	O
'	O
importance	O
à	O
ce	O
fait	O
pour	O
en	O
faire	O
l	O
'	O
objet	O
d	O
'	O
une	O
communication	O
diplomatique	O
,	O
et	O
nous	O
apprenons	O
,	O
en	O
effet	O
,	O
qu	O
'	O
il	O
n	O
'	O
a	O
envoyé	O
à	O
ses	O
agents	O
qu	O
'	O
une	O
instruction	O
destinée	O
à	O
les	O
mettre	O
à	O
même	O
d	O
'	O
éclairer	O
le	O
public	O
et	O
qui	O
ne	O
doit	O
pas	O
être	O
communiquée	O
aux	O
gouvernements	O
étrangers	O
.	O
Celte	O
instruction	O
ne	O
peut	O
naturellement	O
que	O
reproduire	O
les	O
arguments	O
donnés	O
dans	O
l	O
'	O
exposé	O
Jes	O
mo	O
tifs	O
présenté	O
à	O
la	O
Chambre	O
des	O
députés	O
.	O
»	O
Espagne	O
.	O

—	O
Une	O
dépêche	O
sous	O
-	O
marine	O
a	O
annoncé	O
le	O
départ	O
de	O
la	B-loc
Havane	I-loc
d	O
'	O
une	O
commission	O
de	O
cinq	O
personnes	O
choisies	O
parmi	O
les	O
plus	O
grands	O
propriétaires	O
de	O
l	O
'	O
île	O
de	O
Cuba	O
,	O
pour	O
s	O
'	O
entendre	O
avec	O
les	O
membresdu	O
gouvernement	O
provisoire	O
d	O
'	O
Espagne	O
,	O
sur	O
la	O
ligne	O
de	O
conduite	O
à	O
suivre	O
dans	O
les	O
intérêts	O
communs	O
.	O

LAUSANNE	B-loc
LA	O
NEIGE	O
SUR	O
NOS	O
VOIES	O
FERRÉES	O
La	O
neige	O
continue	O
à	O
tomber	O
.	O

Depuis	O
l'<time>hiver	O
'	O
hiver	O
de	O
1829	I-time
,	O
nous	O
disent	O
les	O
vieillards	O
,	O
on	O
n	O
'	O
en	O
a	O
pas	O
vu	O
des	O
masses	O
aussi	O
considérables	O
prendre	O
pied	O
dans	O
nos	O
rues	O
.	O

Dans	O
les	O
campagnes	O
aux	O
environs	O
de	O
Lausanne	B-loc
on	O
en	O
compte	O
près	O
d	O
'	O
un	O
mètre	O
.	O

Aujourd	O
'	O
hui	O
la	O
température	O
s	O
'	O
est	O
beaucoup	O
radoucie	O
.	O

La	O
neige	O
est	O
humide	O
et	O
entremêlée	O
de	O
pluie	O
.	O

Pendant	O
la	O
journée	O
d	O
'	O
hier	O
l	O
'	O
amoncellement	O
des	O
neiges	O
chassées	O
par	O
le	O
vent	O
a	O
jeté	O
la	O
perturbation	O
dans	O
la	O
marche	O
des	O
trains	O
sur	O
notre	O
réseau	O
.	O

Le	O
train	O
mixte	O
qui	O
part	O
de	O
Lausanne	B-loc
pour	O
Berne	B-loc
à	O
4	B-time
Ji	I-time
.	O

20	B-time
minutes	I-time
est	O
venu	O
butter	O
hier	O
à	O
la	O
sortie	O
du	O
tunnel	O
de	O
la	O
Cornallaz	B-loc
contre	O
un	O
amas	O
de	O
neige	O
accumulé	O
par	O
le	O
vent	O
dans	O
la	O
tranchée	O
qui	O
précède	O
la	O
gare	O
de	O
Chexbi	O
'	O
es	O
.	O

Ce	O
n	O
'	O
est	O
qu	O
'	O
après	O
quatre	O
heures	O
de	O
travail	O
pénible	O
que	O
cet	O
obstacle	O
a	O
pu	O
être	O
franchi	O
.	O

Le	O
train	O
parti	O
de	O
Berne	B-loc
à	O
2	B-time
h	I-time
.	O

22	B-time
m	I-time
.	O

a	O
été	O
forcément	O
arrêté	O
à	O
la	O
gare	O
de	O
Chexbres	B-loc
et	O
n	O
'	O
est	O
arrivé	O
à	O
Lausanne	O
qu	O
'	O
à	O
9	O
h	O
.	O

3	B-time
/	I-time
4	I-time
du	I-time
soir	I-time
au	O
lieu	O
de	O
6	B-time
h	I-time
.	O

17	B-time
m	I-time
.	O

Le	O
dernier	O
train	O
à	O
destination	O
de	O
Berne	B-loc
est	O
parti	O
à	O
9	B-time
h	I-time
.	O

30	B-time
m	I-time
.	O

au	O
lieu	O
de	O
6	B-time
h	I-time
.	O

25	B-time
min	I-time
.	O

Sur	O
la	O
ligne	O
de	O
la	O
Broyé	B-loc
le	O
train	O
qui	O
part	O
de	O
Moudon	B-loc
à	O
2	B-time
h	I-time
.	O

30	B-time
m	I-time
.	O

a	O
été	O
arrêté	O
entre	O
Chàtillens	B-loc
et	O
Palézieux	B-loc
.	O

Il	O
a	O
fallu	O
également	O
lui	O
frayer	O
un	O
passage	O
à	O
travers	O
les	O
neiges	O
amoncelées	O
au	O
moyen	O
de	O
la	O
pelle	O
et	O
ce	O
n	O
'	O
est	O
qu	O
'	O
à	O
8	O
heures	O
du	O
soir	O
qu	O
'	O
il	O
a	O
pu	O
déposer	O
à	O
Palézieux	O
ses	O
infortunés	O
voyageurs	O
qui	O
ont	O
pu	O
prendre	O
à	O
cette	O
station	O
le	O
dernier	O
train	O
de	O
Berne	O
arrivé	O
à	O
Lausanne	O
avec	O
une	O
heure	O
et	O
quart	O
de	O
retard	O
.	O

Chose	O
singulière	O
,	O
dans	O
la	O
vallée	O
du	O
Rhône	O
,	O
la	O
circulation	O
a	O
été	O
plus	O
difficile	O
encore	O
.	O

Dès	O
le	O
matin	O
un	O
fôhn	B-prod
violent	O
chassait	O
devant	O
lui	O
de	O
vrais	O
tourbillons	O
d	O
'	O
une	O
neige	O
sèche	O
et	O
grenue	O
qui	O
s	O
'	O
accumulait	O
dans	O
les	O
tranchées	O
et	O
opposait	O
un	O
obstacle	O
infranchissable	O
à	O
la	O
marche	O
des	O
convois	O
.	O

Le	O
chasse	B-prod
-	I-prod
neige	I-prod
pénétrait	O
de	O
quelques	O
mètres	O
dans	O
la	O
masse	O
blanche	O
sans	O
pouvoir	O
la	O
franchir	O
.	O

Les	O
efforts	O
des	O
escouades	O
de	O
pionniers	B-prod
étaient	O
déjoués	O
par	O
la	O
violence	O
du	O
vent	O
qui	O
comblait	O
à	O
mesure	O
les	O
tranchées	O
ouvertes	O
à	O
la	O
pelle	O
.	O

On	O
dit	O
que	O
les	O
trains	O
ne	O
circulaient	O
plus	O
hier	O
entre	O
le	O
Bouveret	B-loc
et	O
Saint	B-loc
-	I-loc
Maurice	I-loc
.	O

Un	O
convoi	O
est	O
resté	O
à	O
peu	O
près	O
toute	O
la	O
journée	O
en	O
détresse	O
dans	O
les	O
environs	O
d	O
'	O
Evionnaz	O
.	O

A	O
minuit	B-time
,	O
le	O
dernier	O
train	O
du	O
Valais	O
n	O
'	O
avait	O
pas	O
pu	O
franchir	O
la	O
station	O
de	O
St	O
-	O
Triphon	O
où	O
normalement	O
il	O
devait	O
arriver	O
à	O
8	O
h	O
.	O

21	B-time
minutes	I-time
.	O

Sur	O
la	O
ligne	O
de	O
Jougne	B-loc
,	O
le	O
service	O
des	O
trains	O
s	O
'	O
accomplit	O
d	O
'	O
une	O
manière	O
relativement	O
facile	O
.	O

Le	O
courrier	B-loc
de	I-loc
Paris	I-loc
est	O
arrivé	O
hier	O
et	O
aujourd	O
'	O
hui	O
avec	O
quelques	O
minutes	O
seulement	O
de	O
retard	O
.	O

On	O
s	O
'	O
accorde	O
à	O
rendre	O
hommage	O
à	O
l	O
'	O
énergie	O
et	O
à	O
l	O
'	O
activité	O
déployées	O
dans	O
ces	O
circonstances	O
difficiles	O
par	O
les	O
agents	O
de	O
tout	O
rang	O
de	O
la	O
compagnie	O
S	O
.	O

-	O
O	B-pers
.	O

,	O
ainsi	O
qu	O
'	O
à	O
la	O
complaisance	O
des	O
employés	O
de	O
la	O
gare	O
de	O
Lausanne	O
et	O
à	O
leur	O
empressement	O
à	O
renseigner	O
et	O
à	O
rassurer	O
le	O
public	O
.	O

Il	O
est	O
à	O
espérer	O
que	O
le	O
dégel	O
n	O
'	O
interviendra	O
pas	O
d	O
'	O
une	O
manière	O
trop	O
subite	O
et	O
que	O
les	O
masses	O
de	O
neige	O
qui	O
couvrent	O
le	O
sol	O
pourront	O
s	O
'	O
écouler	O
lentement	O
.	O

LETTRE	B-loc
DE	I-loc
PAÏU	I-loc
8	O
(	O
De	O
notre	O
correspondant	O
particulier	O
.	O
)	O
Paris	O
,	O
6	O
décembre	O
.	O

La	O
candidature	O
de	O
M	B-pers
.	I-pers
Auffray	I-pers
.	O

—	O
Discorde	O
au	O
camp	O
boulangisle	O
.	O

—	O
Les	O
poursuites	O
contre	O
M	B-pers
.	I-pers
Wilson	I-pers
.	O

—	O
Le	O
boulevard	B-loc
Baudiu	I-loc
.	O

-	O
Kncore	O
la	O
dynamite	B-prod
.	O

S	O
.	O
—	O
L	O
'	O
élection	O
législative	O
qui	O
doit	O
avoir	O
lieu	O
dimanche	O
dans	O
les	O
Ardennes	O
a	O
donné	O
naissance	O
à	O
une	O
discussion	O
dans	O
laquelle	O
quelques	O
-	O
uns	O
ont	O
cru	O
voir	O
les	O
signes	O
de	O
la	O
prochaine	O
dislocation	O
du	O
parti	O
boulangiste	O
.	O

Je	O
pense	O
que	O
c	O
'	O
est	O
à	O
tort	O
et	O
que	O
la	O
popularité	O
du	O
général	O
Boulanger	O
—	O
que	O
celle	O
-	O
ci	O
soit	O
considérée	O
comme	O
heureuse	O
ou	O
préjudiciable	O
à	O
la	O
République	O
—	O
est	O
bien	O
au	O
-	O
dessus	O
des	O
rivalités	O
et	O
des	O
dissensions	O
qui	O
peuvent	O
se	O
produire	O
dans	O
le	O
soi	O
-	O
disant	O
comité	O
du	O
parti	O
national	O
.	O

Voici	O
d	O
'	O
ailleurs	O
les	O
faits	O
.	O

Il	O
y	O
a	O
dans	O
le	O
département	O
des	O
Ardennes	B-loc
deux	O
candidais	O
en	O
présence	O
:	O
M	O
.	O
Linard	O
,	O
républicain	O
et	O
patronné	O
par	O
le	O
ministère	O
;	O
M	O
.	O
Auffray	O
.	O

monarchiste	O
clérical	O
,	O
qui	O
portait	O
jusqu	O
'	O
ici	O
l	O
'	O
étiquette	O
boulangisle	O
.	O

Les	O
républicains	B-org
qui	O
font	O
partie	O
du	O
comité	O
de	O
la	O
rue	B-loc
de	I-loc
Sèze	I-loc
se	O
sont	O
émus	O
de	O
l	O
'	O
appui	O
prêté	O
par	O
ce	O
comité	O
à	O
la	O
candidature	O
de	O
M	O
.	O
Auffray	O
.	O

M	B-pers
.	I-pers
Michelin	I-pers
en	O
particulier	O
a	O
vivement	O
protesté	O
,	O
et	O
sur	O
son	O
initiative	O
il	O
a	O
été	O
adopté	O
une	O
résolution	O
portant	O
qu	O
'	O
aucun	O
candidat	O
ne	O
serait	O
admis	O
à	O
se	O
réclamer	O
du	O
parti	O
national	O
s	O
'	O
il	O
ne	O
faisait	O
adhésion	O
formelle	O
à	O
l	O
'	O
idée	O
républicaine	O
.	O

Vous	O
voyez	O
tout	O
de	O
suite	O
quelles	O
conséquences	O
l	O
'	O
incident	O
pouvait	O
avoir	O
pour	O
les	O
élections	O
prochaines	O
le	O
parti	O
boulangiste	O
recueillant	O
les	O
suffrages	O
d	O
'	O
électeurs	O
bonapartistes	O
et	O
monarchistes	O
beaucoup	O
plus	O
que	O
de	O
républicains	O
.	O

Une	O
scission	O
complète	O
aurait	O
pu	O
en	O
résulter	O
,	O
si	O
les	O
alliés	O
habituels	O
du	O
général	O
Boulanger	O
s	O
'	O
étaient	O
formalisés	O
de	O
l	O
'	O
ultimatum	O
voté	O
l	O
'	O
autre	O
jour	O
.	O

Si	O
le	O
fait	O
,	O
ne	O
s	O
'	O
est	O
pas	O
produit	O
—	O
la	O
presse	O
de	O
droite	O
se	O
contentant	O
de	O
critiques	O
assez	O
anodines	O
—	O
c	O
'	O
est	O
évidemment	O
que	O
l	O
'	O
on	O
ne	O
prend	O
guère	O
le	O
comité	O
au	O
sérieux	O
.	O

Le	O
seul	O
chef	O
du	O
parti	B-org
national	I-org
,	O
c	O
'	O
est	O
le	O
général	O
lui	O
-	O
môme	O
.	O

C	O
'	O
est	O
à	O
lui	O
seul	O
que	O
les	O
bonapartistes	O
et	O
les	O
royalistes	O
nuance	O
Arthur	O
Meyer	O
entendent	O
s	O
'	O
associer	O
,	O
et	O
toute	O
décision	O
émanée	O
des	O
délibérations	O
communes	O
de	O
MM	O
.	O

Laguerre	B-pers
,	O
Michelin	O
,	O
Laisant	O
,	O
Vergoin	O
et	O
compagnie	O
reste	O
sans	O
influence	O
sensible	O
sur	O
la	O
marche	O
des	O
événements	O
.	O

A	O
quoi	O
sert	O
alors	O
le	O
comité	B-org
?	O

me	O
direz	O
-	O
vous	O
.	O

A	O
peu	O
de	O
chose	O
ou	O
à	O
rien	O
du	O
tout	O
,	O
puisque	O
le	O
général	O
Boulanger	O
n	O
'	O
en	O
agit	O
pas	O
moins	O
à	O
son	O
idée	O
.	O

Dans	O
le	O
cas	O
particulier	O
,	O
on	O
affirme	O
que	O
c	O
'	O
est	O
avec	O
lui	O
seul	O
qu	O
'	O
a	O
été	O
conclu	O
l	O
'	O
arrangement	O
d	O
'	O
après	O
lequel	O
la	O
candidature	O
de	O
M	O
.	O
Auffray	O
serait	O
acceptée	O
pour	O
les	O
Ardennes	O
,	O
comme	O
compensation	O
de	O
celle	O
du	O
comte	O
Dillon	O
dans	O
la	O
Somme	O
,	O
que	O
la	O
droite	O
ne	O
chercherait	O
pas	O
à	O
faire	O
échouer	O
.	O

Ce	O
qui	O
résulte	O
aussi	O
de	O
l	O
'	O
incident	O
,	O
c	O
'	O
est	O
qu	O
'	O
il	O
y	O
a	O
dans	O
le	O
comité	O
de	O
la	O
rue	O
de	O
Sèze	O
des	O
gens	O
qui	O
croient	O
encore	O
sincèrement	O
que	O
le	O
boulangisme	O
n	O
'	O
est	O
qu	O
'	O
une	O
évolution	O
de	O
l	O
'	O
idée	O
républicaine	O
,	O
tandis	O
que	O
d	O
'	O
autres	O
ont	O
perdu	O
celte	O
illusion	O
.	O

Si	O
M	B-pers
.	I-pers
Michelin	I-pers
n	O
'	O
avait	O
pas	O
cassé	O
les	O
vitres	O
,	O
la	O
candidature	O
boulangisto	O
-	O
monarchique	O
de	O
M	O
.	O
Auffray	O
n	O
'	O
aurait	O
soulevé	O
aucune	O
objection	O
.	O

L	O
'	O
autorisation	O
de	O
poursuites	O
contre	O
M	O
.	O
Wilson	O
a	O
été	O
votée	O
hier	O
par	O
la	O
commission	O
à	O
une	O
forte	O
majorité	O
—	O
huit	O
voix	O
contre	O
une	O
et	O
deux	O
abstentions	O
.	O

Cependant	O
le	O
débat	O
a	O
plutôt	O
confirmé	O
la	O
thèse	O
que	O
la	O
loi	O
sur	O
la	O
presse	O
resterait	O
inapplicable	O
au	O
gendre	O
de	O
M	B-pers
.	I-pers
Grévy	I-pers
,	O
s	O
'	O
il	O
ne	O
se	O
reconnaissait	O
volontairement	O
l	O
'	O
auteur	O
des	O
articles	O
contre	O
M	O
.	O
Veil	O
-	O
Picard	O
.	O

On	O
a	O
fait	O
valoir	O
en	O
revanche	O
que	O
ce	O
n	O
'	O
était	O
pas	O
à	O
la	O
Chambre	O
à	O
examiner	O
ce	O
point	O
,	O
mais	O
au	O
tribunal	O
,	O
et	O
qu	O
'	O
il	O
fallait	O
éviter	O
de	O
préjuger	O
la	O
décision	O
judiciaire	O
.	O

Le	O
jour	O
où	O
ce	O
rapport	O
viendra	O
en	O
discussion	O
publique	O
sera	O
une	O
grande	O
séance	B-loc
.	O

L	O
'	O
espoir	O
du	O
public	O
des	O
tribunes	O
est	O
que	O
M	O
.	O
Wilson	O
prendra	O
luimême	O
la	O
parole	O
et	O
qu	O
'	O
il	O
enlr	O
'	O
ouvrira	O
un	O
peu	O
plus	O
ses	O
fameux	O
dossiers	O
.	O

Le	O
conseil	O
municipal	O
vient	O
de	O
décider	O
,	O
pour	O
la	O
troisième	O
ou	O
quatrième	O
fois	O
,	O
la	O
débaptisation	O
du	O
boulevard	O
Haussmann	O
.	O

C	O
'	O
est	O
un	O
accès	O
périodique	O
,	O
comme	O
la	O
décision	O
portant	O
sur	O
la	O
démolition	O
de	O
la	O
Chapelle	O
expiatoire	O
.	O

Cette	O
fois	O
,	O
c	O
'	O
est	O
pour	O
substituer	O
le	O
nom	O
de	O
Baudin	O
à	O
celui	O
de	O
l	O
'	O
ancien	O
préfet	O
de	O
la	O
Seine	O
.	O

Reste	O
à	O
savoir	O
si	O
M	B-pers
.	I-pers
Floquet	I-pers
,	O
tout	O
ami	O
du	O
conseil	O
municipal	O
qu	O
'	O
il	O
est	O
,	O
pourra	O
ratifier	O
une	O
décision	O
qui	O
n	O
'	O
est	O
pas	O
absolument	O
d	O
'	O
accord	O
avec	O
le	O
sentiment	O
général	O
de	O
la	O
population	O
parisienne	O
.	O

La	O
ligue	B-org
contre	I-org
les	I-org
bureaux	I-org
de	I-org
placements	I-org
recommence	O
ses	O
hauts	O
faits	O
.	O

Dans	O
la	O
nuit	O
de	O
mardi	B-time
à	O
mercredi	B-time
,	O
une	O
espèce	O
de	O
machine	O
infernale	O
a	O
été	O
déposée	O
dans	O
le	O
corridor	O
de	O
la	O
maison	O
portant	O
le	O
n	O
°	O
105	O
de	O
la	O
rue	O
Saint	O
-	O
Denis	O
,	O
où	O
existe	O
une	O
ces	O
agences	O
.	O

Par	O
bonheur	O
,	O
la	O
concierge	O
,	O
qui	O
avait	O
tiré	O
le	O
cordon	O
à	O
l	O
'	O
appel	O
de	O
la	O
sonnette	O
extérieure	O
,	O
se	O
releva	O
pour	O
aller	O
voir	O
qui	O
entrait	O
,	O
et	O
trouvant	O
la	O
machine	O
avec	O
une	O
mèche	O
allumée	O
,	O
elle	O
,	O
s	O
'	O
empressa	O
de	O
verser	O
dessus	O
plusieurs	O
seaux	O
d	O
'	O
eau	O
.	O

La	O
police	B-org
n	O
'	O
a	O
pas	O
encore	O
mis	O
la	O
main	O
sur	O
les	O
auteurs	O
de	O
cette	O
tentative	O
criminelle	O
.	O

NOUVELLES	B-loc
DES	I-loc
GANTONS	I-loc
BERNE	I-loc
.	O

—	O
La	O
société	O
cantonale	O
bernoise	O
du	O
commerce	O
et	O
de	O
l	O
'	O
industrie	O
a	O
eu	O
hier	O
son	O
assemblée	O
annuelle	O
,	O
sous	O
la	O
présidence	O
de	O
M	O
.	O
Hirter	O
,	O
conseiller	O
national	O
.	O

On	O
a	O
décidé	O
de	O
demander	O
au	O
Grand	B-loc
Conseil	I-loc
,	O
par	O
voie	O
de	O
pétition	O
,	O
la	O
création	O
d	O
'	O
une	O
cour	O
cantonale	O
de	O
contentieux	O
administratif	O
.	O

M	B-pers
.	I-pers
Milliet	I-pers
,	O
directeur	O
de	O
la	O
régie	O
de	O
l	O
'	O
alcool	O
,	O
a	O
rapporté	O
ensuite	O
sur	O
la	O
question	O
des	O
caisses	O
d	O
'	O
épargne	O
.	O

11	B-time
n	O
'	O
est	O
pas	O
partisan	O
des	O
caisses	O
d	O
'	O
épargne	O
postales	O
.	O

Il	O
ne	O
juge	O
pas	O
non	O
plus	O
utile	O
que	O
les	O
caisses	B-org
d	O
'	O
épargne	O
fassent	O
l	O
'	O
objet	O
d	O
'	O
une	O
législation	O
spéciale	O
.	O

11	B-time
recommande	O
par	O
contre	O
la	O
création	O
d	O
'	O
une	O
union	O
bernoise	O
des	O
caisses	O
d	O
'	O
épargne	O
,	O
dans	O
la	O
pensée	O
que	O
plus	O
tard	O
on	O
réunirait	O
dans	O
un	O
même	O
faisceau	O
les	O
caisses	O
d	O
'	O
épargne	O
de	O
la	O
Suisse	O
centrale	O
.	O

—	O
Hier	O
,	O
à	O
Interlaken	O
,	O
la	O
fête	O
cantonale	O
de	O
gymnastique	O
a	O
été	O
fort	O
contrariée	O
par	O
la	O
pluie	O
.	O

La	O
plupart	O
des	O
exercices	O
ont	O
dû	O
être	O
faits	O
dans	O
des	O
locaux	B-loc
fermés	O
.	O

A	O
5	B-time
heures	I-time
,	O
cependant	O
,	O
le	O
temps	O
s	O
'	O
étant	O
éclairci	O
,	O
le	O
cortège	O
a	O
pu	O
avoir	O
heu	O
.	O

ARGOVIE	B-loc
.	O

—	O
Hier	O
après	O
-	O
midi	O
,	O
deux	O
canots	O
de	O
la	O
Société	O
des	O
pontonniers	O
de	O
Bàle	O
ont	O
passé	O
à	O
Rheinfelden	O
.	O

L	O
'	O
un	O
de	O
ces	O
canots	O
a	O
chaviré	O
et	O
les	O
six	O
hommes	O
qui	O
le	O
montaient	O
ont	O
été	O
précipités	O
dans	O
le	O
Rhin	O
,	O
dont	O
les	O
eaux	O
sont	O
liés	O
hautes	O
en	O
ce	O
moment	O
.	O

Trois	O
hommes	O
ont	O
pu	O
s	O
'	O
accrocher	O
à	O
l	O
'	O
embarcation	O
;	O
quant	O
aux	O
trois	O
autres	O
,	O
il	O
est	O
fort	O
à	O
craindre	O
qu	O
'	O
ils	O
ne	O
se	O
soient	O
noyés	O
.	O

VALAIS	B-loc
.	O

—	O
On	O
nous	O
mande	O
de	O
Sion	B-loc
,	O
le	O
26	O
juin	O
:	O
t	O
Rien	O
de	O
nouveau	O
n	O
'	O
est	O
survenu	O
à	O
Tourtemagne	O
depuis	O
la	O
journée	O
du	O
24	O
.	O

La	O
rivière	B-loc
,	O
gonflée	O
par	O
une	O
pluie	O
abondante	O
,	O
est	O
très	O
haute	O
et	O
menaçait	O
de	O
déborder	O
ce	O
matin	O
;	O
il	O
était	O
même	O
question	O
de	O
rouvrir	O
la	O
brèche	O
si	O
la	O
pluie	O
continuait	O
à	O
tomber	O
.	O

Heureusement	O
le	O
temps	B-time
s	O
'	O
est	O
subitement	O
levé	O
et	O
le	O
danger	O
se	O
trouve	O
écarté	O
,	O
pour	O
celte	O
fois	O
encore	O
.	O

>	O
Les	O
habitants	O
de	O
Tourtemagne	B-loc
se	O
félicitent	O
d	O
'	O
avoir	O
échappé	O
à	O
l	O
'	O
inondation	O
,	O
mais	O
se	O
plaignent	O
de	O
la	O
levée	O
de	O
boucliers	O
des	O
Loècherands	O
,	O
en	O
faisant	O
remarquer	O
que	O
pour	O
s	O
'	O
entendre	O
il	O
eût	O
été	O
facile	O
de	O
recourir	O
à	O
des	O
moyens	O
plus	O
parlementaires	O
,	O
et	O
que	O
les	O
dégâts	O
causés	O
par	O
l	O
'	O
inondation	O
sur	O
une	O
minime	O
partie	O
du	O
territoire	O
de	O
Loèche	O
ne	O
sont	O
rien	O
en	O
présence	O
du	O
désastre	O
qui	O
les	O
eût	O
frappés	O
eux	O
-	O
mêmes	O
si	O
le	O
torrent	O
se	O
fût	O
cipité	O
Bnr	O
leurs	O
habitations	O
.	O

Eu	O
réalité	O
,	O
il	O
n	O
'	O
y	O
a	O
de	O
mergé	O
que	O
quelques	O
mille	O
toises	O
de	O
prés	O
et	O
de	O
jardins	O
,	O
dont	O
les	O
récoltes	O
ne	O
sont	O
qu	O
'	O
en	O
partie	O
compromises	O
.	O

GENÈVE	B-loc
.	O

—	O
Hier	O
a	O
été	O
couru	O
,	O
au	O
vélodrome	O
de	O
la	O
Jonction	O
,	O
le	O
championnat	O
suisse	O
de	O
fond	O
de	O
100	O
kilomètres	O
avec	O
entraîneurs	O
.	O

Il	O
y	O
a	O
eu	O
5	O
partants	O
.	O

Voici	O
les	O
résultats	O
:	O
1	O
"	O
,	O
Barret	B-pers
,	O
Genève	O
,	O
en	O
3	O
heures	O
13	O
minutes	O
59	O
secondes	O
;	O
2	O
*	O
Calame	O
,	O
Genève	O
,	O
à	O
quinze	O
tours	O
;	O
3	O
°	O
Genoud	O
,	O
Genève	O
,	O
à	O
viDgt	O
tours	O
;	O
4	O
*	O
Terrier	O
,	O
Lausanne	O
,	O
à	O
vingt	O
-	O
sept	O
tours	O
du	O
premier	O
,	O

CONFÉDÉRATION	B-loc
SUISSE	I-loc
Législation	O
.	O

—	O
L'<pers>éditeur	O
'	O
éditeur	O
Kreis	I-pers
,	O
à	O
Bâle	O
,	O
vient	O
d	O
'	O
achever	O
la	O
publication	O
du	O
Tome	O
ni	O
du	O
grand	O
ouvrage	O
Die	O
Schweizerische	O
Gesetzgebung	O
,	O
par	O
le	O
D	O
Wolf	O
.	O

C	O
'	O
est	O
une	O
deuxième	O
édition	O
,	O
complétée	O
et	O
mise	O
au	O
point	O
où	O
sont	O
groupés	O
par	O
matières	O
les	O
lois	O
,	O
arrêtés	O
,	O
ordonnances	O
,	O
conventions	O
internationales	O
,	O
etc	O
.	O

,	O
intéressant	O
le	O
droit	O
public	O
et	O
privé	O
de	O
la	O
Suisse	B-loc
.	O

Importante	O
publication	O
équivalant	O
à	O
toute	O
une	O
bibliothèque	B-prod
et	O
qui	O
est	O
d	O
'	O
usage	O
courant	O
chez	O
tous	O
les	O
praticiens	O
du	O
droit	O
.	O

Nous	O
regrettons	O
seulement	O
qu	O
'	O
il	O
n	O
'	O
en	O
existe	O
pas	O
une	O
traduction	O
française	O
.	O

Chemin	O
»	O
de	O
fer	B-org
.	O

—	O
Par	O
suite	O
de	O
la	O
fonte	O
rapide	O
des	O
neiges	O
,	O
les	O
travaux	O
du	O
chemin	O
de	O
fer	O
de	O
la	O
Bernina	O
ont	O
pu	O
être	O
repris	O
sur	O
tout	O
le	O
tracé	O
jusqu	O
'	O
à	O
2300	O
m	O
.	O

d	O
'	O
altitude	O
,	O
près	O
de	O
l	O
'	O
hospice	O
de	O
la	O
Bernina	O
.	O

Le	O
nombre	O
actuel	O
d	O
'	O
ouvriers	B-prod
est	O
de	O
1500	O
.	O

Les	O
essais	O
prescrits	O
avec	O
les	O
voitures	O
électriques	O
automotrices	O
s	O
'	O
effectuent	O
en	O
ce	O
moment	O
entre	O
Tirano	O
et	O
Poschiavo	O
;	O
ils	O
ont	O
donné	O
des	O
résultats	O
très	O
satisfaisants	O
.	O

L	O
'	O
ouverture	O
de	O
la	O
ligne	O
à	O
l	O
'	O
exploitation	O
est	O
prévue	O
pour	O
les	O
premiers	O
jours	O
de	O
juillet	O
.	O

Facteurs	B-prod
de	I-prod
dépêches	I-prod
.	O

—	O
L	O
'	O
assemblée	O
des	O
délégués	O
de	O
la	O
Société	O
suisse	O
des	O
facteurs	O
de	O
dépêches	O
s	O
'	O
est	O
réunie	O
à	O
Lausanne	O
dimanche	O
.	O

Quinze	O
sections	B-org
étaient	O
représentées	O
.	O

L	O
'	O
assemblée	O
a	O
désigné	O
Bâle	O
comme	O
Vorort	O
et	O
a	O
décidé	O
de	O
tenir	O
sa	O
prochaine	O
réunion	O
à	O
Winterthour	O
.	O

Après	O
avoir	O
entendu	O
de	O
8	O
rapports	O
sur	O
la	O
question	O
de	O
la	O
re	O
vision	O
de	O
la	O
loi	O
fédérale	O
sur	O
les	O
traitements	O
,	O
l	O
'	O
assemblée	O
a	O
voté	O
une	O
résolution	O
par	O
laquelle	O
elle	O
demande	O
que	O
les	O
facteurs	O
des	O
télégraphes	O
soient	O
payés	O
de	O
la	O
même	O
çon	O
que	O
les	O
facteurs	O
du	O
servie	O
postal	O
.	O

Le	B-time
temps	I-time
.	O

—	O
Il	O
y	O
a	O
eu	O
dimanche	O
de	O
fortes	O
chutes	O
de	O
neige	O
sur	O
les	O
montagnes	O
,	O
Righi	O
,	O
Sœntis	O
,	O
Gothard	O
,	O
Pilate	O
et	O
jusqu	O
'	O
à	O
la	O
Haute	O
-	O
Engadine	O
.	O

Hier	B-time
matin	I-time
,	O
la	O
température	O
était	O
au	O
-	O
dessous	O
de	O
zéro	O
jusqu	O
'	O
à	O
l	O
'	O
altitude	O
de	O
1600	O
m	O
.	O

Pour	O
voyager	O
en	O
Allemagne	B-loc
.	O

Berne	B-loc
,	O
8	O
juin	O
.	O

Les	O
chemins	B-org
de	I-org
fer	I-org
de	I-org
l	O
'	O
Allemagne	O
ont	O
appliqué	O
le	O
1	O
mai	O
écoulé	O
une	O
réforme	O
très	O
importante	O
dans	O
les	O
tarifs	O
pour	O
le	O
transport	O
des	O
voyageurs	O
et	O
des	O
bagages	O
.	O

Les	O
billets	O
aller	O
et	O
retour	O
ont	O
été	O
abolis	O
;	O
ils	O
sont	O
remplacés	O
par	O
de	O
3	O
billets	O
à	O
simple	O
course	O
dont	O
le	O
prix	O
a	O
été	O
fixé	O
à	O
la	O
moitié	O
du	O
coût	O
des	O
précédents	O
billets	O
aller	O
et	O
retour	O
.	O

Le	O
tarif	O
des	O
bagages	O
a	O
été	O
réduit	O
très	O
sensiblement	O
.	O

Le	B-time
1	I-time
juin	I-time
,	O
on	O
a	O
mis	O
en	O
vente	O
,	O
aussi	O
en	O
Suisse	O
,	O
ces	O
nouveaux	O
billets	O
allemands	O
.	O

Il	O
y	O
a	O
trois	O
catégories	O
de	O
billets	B-prod
;	O
la	O
première	O
est	O
valable	O
pour	O
tous	O
les	O
trains	B-prod
,	O
sauf	O
ceux	O
de	O
luxe	O
(	O
express	O
)	O
;	O
dans	O
leur	O
prix	O
est	O
déjà	O
comprise	O
la	O
surtaxe	O
pour	O
les	O
trains	B-prod
accélérés	O
et	O
directs	O
.	O

La	O
seconde	O
catégorie	O
comprend	O
des	O
billets	O
valables	O
pour	O
les	O
trains	O
omnibus	O
;	O
on	O
peut	O
s	O
'	O
en	O
servir	O
pour	O
les	O
trains	O
accélérés	O
et	O
directs	O
en	O
se	O
pourvoyant	O
de	O
billets	O
supplémentaires	O
que	O
l	O
'	O
on	O
peut	O
obtenir	O
aux	O
stations	O
suisses	O
.	O

Enfin	O
la	O
troisième	O
catégorie	O
comprend	O
les	O
billets	O
pour	O
la	O
3	O
et	O
4	O
classe	O
et	O
pour	O
trains	B-prod
omnibus	I-prod
;	O
si	O
on	O
veut	O
voyager	O
par	O
des	O
trains	B-prod
accélérés	I-prod
,	O
directs	O
ou	O
express	O
il	O
faut	O
prendre	O
des	O
billets	O
supplémentaires	O
.	O

Pour	O
éviter	O
tOHt	O
désagrément	O
il	O
est	O
préférable	O
de	O
se	O
pourvoir	O
de	O
billets	O
valables	O
pour	O
tous	O
les	O
trains	O
,	O
sauf	O
ceux	O
de	O
luxe	O
.	O

Il	O
faut	O
noter	O
encore	O
que	O
pour	O
voyager	O
en	O
Prusse	B-loc
on	O
ne	O
peut	O
avoir	O
que	O
des	O
billets	O
valables	O
pour	O
tous	O
les	O
trains	O
—	O
toujours	O
ceux	O
de	O
luxe	O
exceptés	O
.	O

Les	O
chemins	O
de	O
fer	O
allemands	B-org
n	O
'	O
acceptent	O
plus	O
de	O
bagages	O
que	O
sur	O
présentation	O
de	O
billets	O
de	O
voyageurs	O
;	O
en	O
échange	O
,	O
le	O
tarif	O
a	O
été	O
réduit	O
assez	O
sensiblement	O
;	O
la	O
réduction	O
augmente	O
en	O
proportion	O
des	O
billets	O
que	O
l	O
'	O
on	O
pent	O
présenter	O
pour	O
le	O
même	O
envoi	O
de	O
bagages	O
:	O
100	O
kilos	O
de	O
bagage	O
coûtent	O
de	O
Bâle	O
à	O
Hambourg	O
25	O
fr	O
.	O
si	O
l	O
'	O
on	O
présente	O
un	O
seul	O
billet	O
;	O
si	O
,	O
par	O
contre	O
,	O
on	O
présente	O
deux	O
billets	O
,	O
le	O
prix	O
nèest	O
plus	O
que	O
de	O
20	O
fr	O
.	O

;	O
avec	O
trois	O
billets	O
de	O
15	B-prod
fr	I-prod
.	O

,	O
et	O
de	O
quatre	O
ou	O
plus	O
de	O
5	B-prod
fr	I-prod
.	O

Pour	O
les	O
envois	O
peu	O
lourds	O
et	O
destinés	O
à	O
de	O
petites	O
distances	O
,	O
la	O
réduction	O
du	O
tarif	O
,	O
naturellement	O
,	O
est	O
moins	O
importante	O
,	O
presque	O
insignifiante	O
.	O

DoiwaE	B-org
condamné	O
à	O
mort	O
Démission	O
de	O
minislres	O
italiens	O
j	O
-	O
•	O
^	O
•	O
•	O
JiSj	O
»	O
,	O
La	O
convention	O
germano	O
-	O
suisse	O
ajournée	O
Communiqué	O
français	O
r	O
Parisrlo	O
mai	O
,	O
16	O
h	O
.	O

IAIU	O
cours	O
de	O
la	O
nuit	O
,	O
[	O
bombardement	O
violent	O
de	O
la	O
région	O
au	O
nord	O
de	O
Montdidier	O
et	O
entre	O
Montdidier	O
et	O
Noyon	O
.	O

Hier	O
,	O
en	O
fin	O
de	O
jonmêe	O
,	O
les	O
troupes	O
çaises	O
ont	O
prononcé	O
une	O
vigoureuse	O
attaque	O
contre	O
les	O
positions	O
allemandes	O
au	O
sud	O
de	O
llaiïïea	O
et	O
se	O
sont	O
emparées	O
d	O
'	O
un	O
bois	O
surtelirive	O
ouest	O
de	O
l	O
'	O
Avre	O
,	O
en	O
dépit	O
d	O
'	O
une	O
résistance	O
«	O
ohaTiiée	O
de	O
l	O
'	O
ennemi	O
.	O
Ce	O
matin	O
,	O
une	O
forte	O
contre	O
-	O
attaque	O
allemande	O
a	O
donné	O
lieu	O
à	O
un	O
vif	O
combat	O
.	O
Les	O
troupes	O
firanoaisee	O
ont	O
maintenu	O
intégralement	O
leurs	O
gains	O
et	O
ont	O
infligé	O
des	O
pertes	O
très	O
sérieuses	O
aux	O
assaillants	O
.	O
Le	O
oMCfre	O
des	O
prisonniers	O
faits	O
par	O
les	O
Français	O
'	O
est	O
de	O
70	O
,	O
dont	O
un	O
officier	O
.	O
Une	O
autre	O
tentative	O
au	O
sud	O
de	O
BofUot	O
,	O
menée	O
après	O
un	O
vif	O
bombardement	O
,	O
a	O
également	O
Subi	O
un	O
éoUèo	O
complot	O
.	O
Au	O
nord	O
du	O
Ohomin	O
-	O
des	O
-	O
Damos	O
,	O
les	O
Français	O
ont	O
repoussé	O
un	O
coup	O
de	O
main	O
sur	O
de	O
petits	O
postes	O
dans	O
la	O
région	O
de	O
la	O
BoveHe	O
.	O
Communiqué	O
britannique	O
Londires	O
,	O
16	O
mai	O
,	O
après	O
-	O
midi	O
.	O
Hier	O
soir	O
,	O
nu	O
nord	O
de	O
Lens	O
,	O
l	O
'	O
ennemi	O
a	O
tenté	O
un	O
raid	O
qui	O
a	O
été	O
repoussé	O
.	O
De	O
notre	O
oôté	O
,	O
nous	O
en	O
avons	O
tréussi	O
un	O
autre	O
au	O
nord	O
-	O
est	O
de	O
Bobecq	O
.	O
I	O
/	O
axLi	O
'	O
UeQo	O
ennemie	O
s	O
'	O
est	O
montrée	O
active	O
pondant	O
la	O
nuit	O
dans	O
les	O
vallées	O
de	O
la	O
Somme	O
et	O
de	O
l	O
'	O
Ancre	O
,	O
au	O
nord	O
de	O
Bétliuno	O
et	O
d	O
©	O
la	O
forêt	O
de	O
Nleppe	O
.	O
Activité	O
intensifiée	O
de	O
l	O
'	O
artillerie	O
ce	O
matin	O
,	O
an	O
,	O
surVouest	O
de	O
Morlancourt	O
et	O
au	O
nord	O
de	O
Kemnraï	O
.	O
Londres	O
,	O
15	O
mai	O
.	O
Le	O
ooiTosu	O
ondant	O
spécial	O
de	O
lieu	O
ter	O
auprès	O
de	O
l	O
'	O
armée	O
française	O
dit	O
que	O
l	O
'	O
accalmie	O
dans	O
le	O
combat	O
des	O
Flandres	O
est	O
marquée	O
par	O
une	O
augmentation	O
soutenue	O
du	O
sévère	O
duel	O
d	O
'	O
ar	O
"	O
tillerje	O
qui	O
,	O
de	O
notre	O
côté	O
,	O
prend	O
,	O
parfois	O
des	O
proportions	O
terrifiantes	O
.	O
Le	O
bruit	O
du	O
Canon	O
persiste	O
jour	O
et	O
nuit	O
.	O
Les	O
routes	O
situées	O
derrière	O
le	O
front	O
allemand	O
sont	O
tenues	O
sous	O
une	O
pluie	O
constante	O
de	O
projectiles	O
.	O
Les	O
villages	O
et	O
les	O
carreleurs	O
par	O
lesquels	O
le	O
trafic	O
ennemi	O
doit	O
se	O
faire	O
,	O
sont	O
systématiquement	O
balayés	O
par	O
des	O
rafales	O
de	O
.	O
gros	O
obus	O
de	O
sorte	O
que	O
l	O
'	O
ennemi	O
éprouve	O
les	O
plus	O
grandes	O
difficultés	O
&	O
repourvoir	O
en	O
munitions	O
et	O
en	O
vivres	O
ses	O
li	O
gnes	O
de	O
combat	O
.	O
Nous	O
savons	O
par	O
les	O
prisonniers	O
que	O
les	O
routes	O
qui	O
conduisent	O
au	O
front	O
ennemi	O
sont	O
jonchées	O
de	O
débris	O
de	O
vagons	O
,	O
de	O
ébevaux	O
et	O
d	O
'	O
hommes	O
tués	O
.	O
D	O
'	O
infanterie	O
qui	O
vient	O
du	O
front	O
ennemi	O
est	O
soumise	O
à	O
un	O
bombardement	O
plus	O
terrible	O
encore	O
.	O
Nos	O
canons	O
ne	O
lui	O
donnent	O
que	O
peu	O
cTocçasions	O
de	O
se	O
re	O
trancher	O
.	O
Les	O
tranchées	O
qu	O
'	O
elle	O
peut	O
avoir	O
sont	O
peu	O
profondes	O
et	O
n	O
'	O
offrent	O
qu	O
'	O
un	O
minimum	O
de	O
protection	O
.	O
Le	O
travail	O
n	O
'	O
est	O
possible	O
que	O
pendant	O
la	O
nuit	O
et	O
à	O
peine	O
les	O
tranchées	O
sontelles	O
oreusées	O
,	O
qu	O
'	O
elles	O
sont	O
découvertes	O
t	O
détruites	O
par	O
le	O
feu	O
de	O
Fartiïïerie	O
le	O
matin	O
suivant	O
.	O
Les	O
hommes	O
doivent	O
coucher	O
dehors	O
,	O
dans	O
des	O
trous	O
d	O
'	O
obus	O
,	O
souvent	O
à	O
la	O
pluie	O
et	O
toujours	O
exposés	O
au	O
bombardement	O
:	O
Les	O
po	O
sitions	O
qui	O
sont	O
le	O
plus	O
exposées	O
à	O
notre	O
feu	O
sont	O
celles	O
du	O
Mont	O
Kemmel	O
.	O
Les	O
photographies	O
de	O
ce	O
mont	O
montrent	O
que	O
le	O
terrain	O
n	O
'	O
y	O
est	O
plus	O
,	O
constitué	O
que	O
par	O
des	O
entonnoirs	O
et	O
est	O
semblable	O
aux	O
pires	O
parties	O
des	O
champs	O
de	O
bataille	O
de	O
la	O
Somme	O
et	O
de	O
Verdun	O
.	O
Le	O
point	O
le	O
plus	O
remarquable	O
des	O
combats	O
delà	O
semaine	O
dernière	O
,	O
dans	O
les	O
Flandres	O
,	O
fut	O
la	O
magnifique	O
unité	O
d	O
action	O
entre	O
les	O
fronts	O
des	O
commandantset	O
les	O
troupes	O
britanniques	O
t	O
françaises	O
.	O
Les	O
renseignements	O
et	O
les	O
de	O
Sandes	O
sont	O
échangés	O
entre	O
les	O
états	O
-	O
majors	O
ançais	O
et	O
britanniques	O
aussi	O
bien	O
qu	O
'	O
entre	O
hommes	O
de	O
même	O
race	O
et	O
de	O
même	O
langue	O
.	O
Les	O
secours	O
réoiproques	O
sont	O
toujours	O
donnée	O
instantanément	O
!	O
—	O
Je	O
"	O
demande	O
a	O
l	O
'	O
artillerie	O
britannique	O
,	O
dit	O
1	O
}	O
commandant	O
français	O
,	O
d	O
'	O
envoyer	O
un	O
mll	O
ar	O
d	O
'	O
obus	O
sur	O
certaines	O
positions	O
allemandes	O
.	O
Et	O
la	O
réponse	O
ne	O
tarde	O
pas	O
à	O
venir	O
:	O
«	O
Nous	O
i	O
sommes	O
ooeupés	O
à	O
leur	O
en	O
envoyer	O
1500	O
.	O
»	O
Lo	O
correspondant	O
conclut	O
en	O
donnant	O
des	O
détails	O
qui	O
montrent	O
l	O
'	O
étroite	O
coopération	O
ftanoaise	O
à	O
La	O
Olytte	O
,	O
Dlckebusche	O
et	O
s	O
les	O
environs	O
,	O
le	O
8	O
mai	O
.	O

et	O
dans	O
la	O
reprise	O
1	O
oollihe	O
44	O
,	O
le	O
11	O
mai	O
.	O

Communiqué	O
allemand	O
Berlin	B-loc
,	O
15	O
mai	O
.	O

WSONT	B-org
GaOLDENTAL	I-org
.	O

—	O
Au	O
nord	O
du	O
Kemmel	B-loc
des	O
entreprises	O
offensives	O
locales	O
ont	O
été	O
couronnées	O
d	O
'	O
un	O
succès	O
complet	O
et	O
nous	O
onlt	O
valu	O
120	O
prisonniers	O
.	O

Notre	O
attaque	O
qui	O
frappa	O
les	O
troupes	O
ennemies	O
juste	O
SB	B-loc
moment	O
où	O
elles	O
étaient	O
relevées	O
coûta	O
aux	O
<org>	O
des	O
pertes	O
éevées	O
en	O
morts	O
et	O
en	O
blessés	O
.	O

Le	O
combat	O
d	O
'	O
artillerie	O
est	O
de	O
meuTê	O
intensifié	O
dans	O
la	O
région	O
du	O
Kemmel	O
.	O

•	O
Ce	O
matin	O
,	O
en	O
corrélation	O
avec	O
des	O
poussées	O
françaises	O
,	O
de	O
nouveaux	O
combats	O
d	O
'	O
infanterie	O
se	O
développèrent	O
,	O
entre	O
la	O
Lys	O
et	O
le	O
canal	O
de	O
La	O
Bassée	O
,	O
sur	O
la	O
Scarpe	O
et	O
près	O
de	O
Bucquoy	O
;	O
l	O
'	O
ariSHerie	O
ennemie	O
s	O
'	O
e	O
3	O
t	O
montrée	O
active	O
surtout	O
au	O
cours	O
de	O
la	O
nuit	O
.	O

Entre	O
t	O
'	O
Ancre	B-loc
et	O
la	O
Somme	B-loc
,	O
nous	O
avons	O
pénétré	O
par	O
une	O
courte	O
poussée	O
,	O
sur	O
la	O
route	O
de	O
Bray	O
â	O
Conbie	O
,	O
dans	O
les	O
lignes	O
anglaises	O
et	O
noue	O
avons	O
maintenu	O
le	O
terrain	O
gagné	O
contre	O
dieux	O
fontes	O
contre	O
-	O
attaques	O
de	O
l	O
'	O
ennemi	O
.	O

Une	O
vive	O
activité	O
de	O
l	O
'	O
artillerie	B-prod
destinée	O
à	O
appuyer	O
l	O
'	O
infanterie	B-prod
a	O
continué	O
.	O

.	O

Près	O
de	O
VJMers	B-loc
-	I-loc
Bretonneux	I-loc
,	O
des	O
deux	O
côtés	O
de	O
la	O
Luoe	O
et	O
de	O
l	O
'	O
Avre	O
,	O
le	O
combat	O
de	O
feu	O
a	O
repris	O
fréquemment	O
,	O
_	O
Sur	O
_	O
la	O
rive	O
occidentale	O
de	O
l	O
'	O
Avre	O
,	O
l	O
'	O
ennemi	O
a	O
attaqué	O
nos	O
lignes	O
près	O
de	O
Castel	O
;	O
U	O
a	O
été	O
repousse	O
avec	O
de	O
lourdes	O
pertes	O
.	O

Dans	O
quelques	O
secteurs	B-loc
,	O
combats	O
de	O
reconnaissance	O
.	O

Nos	B-pers
aviateurs	I-pers
ont	O
abattu	O
hier	O
6	O
ballons	O
captifs	O
ennemis	O
.	O

Sur	O
le	O
front	B-loc
de	I-loc
combat	I-loc
,	O
vive	O
activité	O
aérienne	O
nocturne	O
.	O

Nous	O
avons	O
bombardé	O
abondamment	O
Calais	B-loc
,	O
Dunkerque	O
et	O
d	O
'	O
autres	O
entrepôts	O
de	O
munitions	O
,	O
ainsi	O
que	O
des	O
installations	O
ferroviaires	O
de	O
Fenneml	O
situées	O
à	O
l	O
'	O
arrière	O
.	O

Communiqué	O
autrichien	O
Vienne	B-loc
,	O
16	O
mai	O
.	O

Dans	O
la	O
région	O
du	O
Monte	B-loc
Corno	I-loc
,	O
de	O
pe	O
tits	O
combats	O
locaux	O
se	O
sont	O
développés	O
de	O
nouveau	O
.	O

Les	O
Italiens	B-loc
se	O
sont	O
établis	O
danF	O
un	O
de	O
nos	O
postes	O
d	O
'	O
avant	O
-	O
garde	O
.	O

Devant	O
le	O
port	O
de	O
Pola	B-loc
,	O
un	O
torpilleur	O
a	O
moteur	O
ita	O
*	O
lien	O
a	O
été	O
coulé	O
.	O

Communiqué	O
italien	O
Borne	B-loc
,	O
15	O
mai	O
.	O

Sur	O
le	O
front	O
montagneux	B-loc
,	O
ça	O
et	O
là	O
,	O
vifs	O
duels	O
d	O
'	O
artillerie	O
et	O
activité	O
de	O
patrouilles	O
.	O

Nos	O
batteries	O
ont	O
dispersé	O
et	O
poursuivi	O
de	O
leur	O
tir	O
des	O
détachements	O
de	O
soldais	O
ennemis	O
dans	O
le	O
val	O
de	O
Genova	O
.	O

Nous	O
avons	O
repoussé	O
des	O
détachements	O
qui	O
çaient	O
contre	O
nos	O
positions	O
au	O
Monte	B-loc
Corno	I-loc
et	O
dans	O
le	O
Valknnsa	B-loc
.	O

Nous	O
avons	O
mis	O
en	O
fuite	O
des	O
travailleurs	O
sur	O
le	O
Pasubio	B-loc
.	O

Nous	O
avons	O
atteint	O
des	O
trains	O
'	O
à	O
la	O
gare	O
de	O
Pri	O
molano	O
,	O
ainsi	O
que	O
des	O
troupes	O
en	O
mouvement	O
sur	O
k	O
roule	O
du	O
col	O
Oaprile	O
et	O
dans	O
la	O
*	O
dépression	O
d	O
'	O
Alano	O
.	O

Le	O
long	O
de	O
la	O
Piave	B-loc
,	O
le	O
feu	O
de	O
l	O
'	O
ennemi	O
,	O
contre	O
-	O
battu	O
par	O
le	O
nôtre	O
,	O
a	O
eu	O
une	O
certaine	O
intensité	O
dans	O
la	O
région	O
de	O
Soreslano	O
et	O
dans	O
la	O
zone	O
du	O
littoral	O
.	O

Nos	O
avions	O
,	O
malgré	O
des	O
conditions	O
atmosphériques	O
défavorables	O
,	O
ont	O
lancé	O
environ	O
4	O
tonnes	O
de	O
bombes	O
sur	O
les	O
champs	O
d	O
'	O
aviation	O
ennemis	O
dans	O
la	O
vallée	O
de	O
la	O
Piave	O
.	O

Berlin	B-loc
,	O
15	O
mai	O
,	O
soir	O
.	O

Une	O
attaque	O
ennemie	O
que	O
nous	O
avons	O
repoussée	O
ce	O
matin	O
de	O
bonne	O
heure	O
au	O
nord	O
de	O
Kemmel	B-loc
n	O
'	O
a	O
réussi	O
à	O
pénétrer	O
que	O
dans	O
une	O
partie	O
limitée	O
de	O
nos	O
lignes	O
avancées	O
.	O

Une	O
nouvelle	O
forte	O
attaque	O
partielle	O
des	O
<org>	O
au	O
nord	O
-	O
ouest	O
de	O
Moreuil	O
a	O
échoué	O
avec	O
de	O
lourdes	O
pertes	O
.	O

Dans	O
la	O
presse	O
Négociations	B-prod
germano	I-prod
-	I-prod
russes	I-prod
Les	O
négociations	B-prod
économiques	I-prod
germanorusses	I-prod
ont	O
commencé	O
à	O
Moscou	B-loc
.	O

Les	O
Soviets	B-org
espèrent	O
en	O
retirer	O
certains	O
avantages	O
pour	O
sauver	O
leur	O
barque	O
qui	O
fait	O
eau	O
de	O
toutes	O
parts	O
.	O

Les	O
Allemands	B-loc
qui	O
qu	O
'	O
à	O
présent	O
se	O
sont	O
heurtés	O
aux	O
méthodes	O
communistes	O
voudraient	O
s	O
'	O
assurer	O
en	O
Russie	O
des	O
débouchés	O
.	O

Le	B-org
Temps	I-org
écrit	O
à	O
ce	O
sujet	O
:	O
Aussi	O
longtemps	O
que	O
la	O
politique	O
extérieure	O
de	O
.	O

l'<org>Union	O
'	O
Union	O
soviétique	I-org
restera	O
telle	O
qu	O
'	O
on	O
la	O
connaît	O
depuis	O
1918	O
,	O
telle	O
que	O
l	O
'	O
ont	O
révélée	O
les	O
grandes	O
entreprises	O
révolutionnaires	O
avortées	O
en	O
Chine	O
,	O
dans	O
les	O
Balkans	O
,	O
en	O
Afrique	O
et	O
ailleurs	O
,	O
il	O
n	O
'	O
existera	O
pas	O
de	O
possibilités	O
pour	O
des	O
relations	O
politiques	O
et	O
économiques	O
normales	O
avec	O
un	O
Etat	O
méconnaissant	O
systématiquement	O
ses	O
obligations	O
et	O
violant	O
de	O
parti	O
pris	O
,	O
par	O
brutale	O
passion	O
révolutionnaire	O
,	O
les	O
lois	O
qui	O
régissent	O
les	O
rapports	O
en	O
^	O
tre	O
nations	O
civilisées	O
.	O

Les	O
actuelles	O
négociations	O
économiques	O
germano	B-loc
-	O
russes	B-loc
peuvent	O
-	O
elles	O
modifier	O
en	O
quoi	O
que	O
ce	O
soit	O
cet	O
état	O
de	O
choses	O
?	O

Ce	O
n	O
'	O
est	O
guère	O
vraisemblable	O
.	O

Certainement	O
on	O
est	O
mieux	O
renseigné	O
à	O
Berlin	B-loc
que	O
partout	O
ailleurs	O
sur	O
l	O
'	O
usure	O
nrofonde	O
du	O
régime	O
bolcheviste	O
.	O

On	O
doit	O
y	O
.	O

.	O

«	O
avoir	O
que	O
toute	O
aide	O
directe	O
ou	O
indirecte	O
assurée	O
à	O
Moscou	B-loc
ne	O
fera	O
que	O
prolonger	O
une	O
crise	O
dont	O
le	O
peuple	O
russe	O
est	O
la	O
première	O
et	O
douloureuse	O
victime	O
,	O
mais	O
dont	O
les	O
effets	O
se	O
font	O
sentir	O
dans	O
le	O
monde	O
entier	O
.	O
La	O
politique	O
à	O
la	O
fois	O
absurde	O
et	O
abominable	O
qui	O
consiste	O
à	O
vouloir	O
sauver	O
la	O
révolution	O
russe	O
en	O
organisant	O
la	O
révolution	O
universelle	O
porto	O
,	O
dans	O
la	O
réalité	O
dos	O
choses	O
,	O
contre	O
l	O
'	O
Allemagne	O
comme	O
contre	O
toute	O
*	O
les	O
autres	O
puissances	O
,	O
et	O
c	O
'	O
est	O
cela	O
qui	O
.	O
malgré	O
tout	O
,	O
doit	O
faire	O
logiquement	O
obstacle	O
à	O
une	O
entente	O
politique	O
et	O
économique	O
durable	O
entre	O
Moscou	O
et	O
.	O
Berlin	O
.	O
Importante	O
découverte	O
La	O
circulation	O
des	O
richesses	O
est	O
un	O
phénomène	O
mystérieux	O
dont	O
per	O
?	O
oiîne	O
jusqu	O
'	O
à	O
présent	O
n	O
'	O
a	O
réussi	O
à	O
expliquer	O
le	O
mécanisme	O
.	O
Dans	O
un	O
article	O
de	O
VAction	O
française	O
intitulé	O
«	O
Importante	O
découverte	O
»	O
M	O
.	O
'	O
Bain	O
ville	O
souligne	O
«	O
qu	O
'	O
une	O
des	O
plus	O
récentes	O
découvertes	O
que	O
l	O
'	O
on	O
ait	O
faites	O
dans	O
cotte	O
mystérieuse	O
physiologie	O
,	O
c	O
'	O
est	O
que	O
la	O
ques	O
'	O
i	O
.	O

iu	O
des	O
transferts	O
r	O
,	O
f	O
r	O
'	O
p	O
^	O
nl	O
plus	O
qu	O
'	O
à	O
un	O
état	O
primitif	O
<	O
.	O

-	O
.	O

'	O
-	O
.	O

-	O
:	O
:	O
nées	O
humaines	B-prod
>	O
.	O

Le	O
président	B-pers
Coolidge	I-pers
d	O
'	O
une	O
part	O
,	O
écrit	O
-	O
il	O
,	O
M	O
.	O
Streeemann	O
de	O
l	O
'	O
autte	O
,	O
sont	O
d	O
'	O
accord	O
pour	O
signaler	O
que	O
,	O
jusqu	O
'	O
ici	O
,	O
le	O
plan	O
Dawes	O
a	O
été	O
exécuté	O
grâce	O
à	O
des	O
prêts	O
consentis	O
à	O
l	O
'	O
Allemagne	O
et	O
que	O
ces	O
prêts	O
sont	O
d	O
'	O
origine	O
:	O
ci	O
'	O
.	O

iue	O
.	O

Comme	O
les	O
Etats	B-loc
-	I-loc
Unis	I-loc
sont	O
eux	O
-	O
mêmes	O
payés	O
,	O
au	O
titre	O
des	O
dettes	O
de	O
guerre	O
,	O
grâce	O
aux	O
versements	O
de	O
l	O
'	O
Allemagne	O
,	O
ils	O
lo	O
sont	O
donc	O
avec	O
leur	O
propre	O
argent	O
qui	O
,	O
venu	O
de	O
New	O
-	O
York	O
à	O
Berlin	O
,	O
passe	O
n	O
Paris	O
et	O
à	O
Londres	O
d	O
'	O
où	O
il	O
retourne	O
à	O
New	O
-	O
York	O
.	O

Cest	O
admirable	O
.	O

C	O
'	O
est	O
plus	O
fort	O
que	O
l	O
'	O
immortelle	O
découverte	O
de	O
Harvey	O
.	O

Mais	O
si	O
c	O
'	O
est	O
bien	O
ainsi	O
que	O
les	O
ehoses	O
ont	O
lieu	O
,	O
c	O
'	O
est	O
à	O
New	O
-	O
York	O
que	O
bat	O
le	O
cœur	O
qui	O
renvoie	O
les	O
richesses	O
dans	O
le	O
torrent	O
circulatoire	O
.	O

Et	O
si	O
ce	O
cœur	O
cesse	O
de	O
battre	O
,	O
ce	O
sera	O
l	O
'	O
asphyxie	O
et	O
la	O
mort	O
des	O
dettes	O
internationales	O
.	O

Les	O
experts	O
diront	O
sans	O
doute	O
si	O
tel	O
est	O
bien	O
lo	O
uouvel	O
état	O
des	O
connaissances	O
humaines	O
en	O
face	O
du	O
problème	O
dos	O
réparations	O
.	O

Conséquence	O
de	O
deux	O
accords	O
LE	B-prod
FAIT	I-prod
DU	I-prod
JOUR	I-prod
L	O
'	O
accord	O
politique	O
anglo	O
-	O
italien	O
est	O
accompagné	O
d	O
'	O
une	O
nouvelle	O
convention	O
commerciale	O
.	O

L	O
'	O
Italie	O
est	O
autorisée	O
dès	O
maintenant	O
à	O
exporter	O
en	O
Grande	O
-	O
Bretagne	O
des	O
marchandises	O
pour	O
une	O
som	O
-	O
.	O

flievdépassant	O
de	O
13	O
%	O
celle	O
de	O
ses	O
importations	O
.	O

L	O
'	O
excédent	O
de	O
ce	O
contingent	O
était	O
jusqu	O
'	O
alors	O
de	O
30	O
%	O
;	O
il	O
servait	O
à	O
rembourser	O
les	O
créancieers	O
anglais	O
de	O
l	O
'	O
Italie	O
,	O
de	O
la	O
période	O
antérieure	O
aux	O
sanctions	O
et	O
au	O
clearing	O
.	O

Le	O
débiteur	O
s	O
'	O
est	O
aujourd	O
'	O
hui	O
entièrement	O
acquitté	O
ds	O
cet	O
arriéré	O
,	O
c	O
'	O
est	O
pourquoi	O
son	O
créancier	O
entend	O
désormais	O
lui	O
vendre	O
plus	O
,	O
ou	O
lui	O
acheter	O
moins	O
.	O

La	B-loc
France	I-loc
vient	O
aussi	O
de	O
conclure	O
un	O
nouvel	O
arrangement	O
commercial	O
avec	O
sa	O
sœur	O
latine	O
.	O

Le	O
clearing	B-prod
vient	O
d	O
'	O
être	O
supprimé	O
,	O
et	O
la	O
liberté	O
des	O
paiements	O
rétablie	O
.	O

Dans	O
quel	O
sens	O
ces	O
deux	O
accords	O
vent	O
-	O
ils	O
modifier	O
les	O
relations	O
commerciales	O
,	O
et	O
financières	O
surtout	O
,	O
que	O
notre	O
pays	O
entretient	O
avec	O
l	O
'	O
Italie	O
?	O

Il	O
est	O
difficile	O
de	O
le	O
dire	O
dès	O
maintenant	O
avec	O
certitude	O
.	O

Lorsque	O
le	O
clearing	B-prod
italo	I-prod
-	I-prod
suisse	I-prod
fut	O
institué	O
,	O
en	O
1935	O
,	O
nos	O
négociateurs	O
envisageaient	O
le	O
pire	O
.	O

Les	O
créanciers	O
financiers	O
suisses	B-loc
ne	O
devaient	O
toucher	O
,	O
au	O
premier	O
abord	O
,	O
que	O
40	O
%	O
des	O
intérêts	O
de	O
leurs	O
capitaux	O
placés	O
dans	O
la	O
péninsule	O
.	O

Mais	O
la	O
situation	O
s	O
'	O
est	O
rapidement	O
améliorée	O
;	O
depuis	O
le	O
10	O
juin	O
1937	O
,	O
les	O
revenus	O
des	O
capitaux	O
suisses	O
sont	O
transférés	O
intégralement	O
(	O
1	O
)	O
.	O

Nos	O
importations	O
d	O
'	O
Italie	B-loc
ont	O
gressé	O
de	O
façon	O
réjouissante	O
,	O
passant	O
de	O
83	O
millions	O
en	O
1936	O
à	O
117	O
millions	O
en	O
1937	O
.	O

Mais	O
ce	O
sont	O
surtout	O
nos	O
exporta	O
-	O
(	O
1	O
)	O
Avec	O
effet	O
rétroactif	O
au	O
10	B-time
décembre	I-time
1030	I-time
.	O

tions	O
qui	O
se	O
sont	O
accrues	O
au	O
delà	O
de	O
toute	O
espérance	O
,	O
à	O
la	O
grande	O
satisfaction	O
de	O
nos	O
fabricants	O
de	O
machines	O
et	O
de	O
montres	O
.	O

Mai	B-time
?	O

là	O
,	O
il	O
faut	O
le	O
reconnaître	O
une	O
fois	O
'	O
'	O
de	O
plus	O
,	O
le	O
mieux	O
est	O
l	O
'	O
ennemi	O
du	O
bien	O
.	O

La	O
Suisse	B-loc
a	O
\	O
vendu	O
à	O
l	O
'	O
Italie	B-loc
en	O
4	O
*	O
37	O
pour	O
102	B-prod
millions	I-prod
de	I-prod
francs	I-prod
de	I-prod
marchandises	I-prod
,	O
contre	O
62	O
millions	O
en	O
1936	O
.	O

lien	O
résulte	O
un	O
déséquilibre	O
évident	O
du	O
compte	O
de	O
clearing	B-org
,	O
et	O
le	O
paiement	O
de	O
ces	O
exportations	O
tarde	O
à	O
se	O
faire	O
.	O

C	O
'	O
est	O
ainsi	O
que	O
le	O
découvert	O
du	O
clearing	O
italo	O
-	O
suisse	O
était	O
de	O
67	O
millions	O
au	O
31	O
mars	O
dernier	O
,	O
dépassant	O
pour	O
la	O
première	O
fois	O
celui	O
du	O
clearing	O
allemand	O
des	O
marchandises	O
,	O
qui	O
atteint	O
61	O
millions	O
.	O

De	O
deux	O
choses	O
l	O
'	O
une	O
:	O
Ou	O
bien	O
il	O
faudra	O
que	O
notre	O
pays	O
achète	O
à	O
l	O
'	O
avenir	O
à	O
l	O
'	O
Italie	O
une	O
plus	O
grande	O
quantité	O
de	O
marchandises	O
;	O
et	O
nous	O
aurons	O
,	O
hélas	O
!	O
,	O
besoin	O
de	O
fruits	O
cette	O
saison	O
pour	O
remplacer	O
ceux	O
du	O
Valais	O
.	O

Ou	O
bien	O
il	O
faudra	O
que	O
nos	O
industriels	B-org
se	O
résolvent	O
à	O
restreindre	O
leurs	O
exportations	O
.	O

Mais	O
voilà	O
qu	O
'	O
une	O
troisième	O
solution	O
apparaît	O
,	O
depuis	O
huit	O
jours	O
à	O
peine	O
.	O

La	O
confiance	O
des	O
pays	O
capitalistes	O
dans	O
l	O
'	O
Italie	B-loc
fasciste	O
renaît	O
.	O

Des	O
capitaux	O
pourraient	O
très	O
prochainement	O
s	O
'	O
investir	O
dans	O
la	O
Péninsule	O
.	O

Dès	O
lors	O
,	O
la	O
balance	O
des	O
comptes	O
de	O
l	O
'	O
Italie	O
pourrait	O
sans	O
inconvénients	O
rester	O
déficitaire	O
.	O

Le	O
ministre	O
des	O
finances	O
du	O
duce	B-pers
n	O
'	O
irait	O
plus	O
chaque	O
jour	O
à	O
la	O
chasse	O
aux	O
devises	O
,	O
puisque	O
les	O
créances	O
étrangères	O
ne	O
demanderaient	O
plus	O
à	O
être	O
rapatriées	O
.	O

Quelle	O
belle	O
victoire	O
ce	O
serait	O
là	O
pour	O
le	O
libéralisme	B-org
économique	I-org
.	O

Et	O
quel	O
soulagement	O
pour	O
l	O
'	O
économie	O
suisse	O
1	O
Ae	O
.	O

La	O
politique	O
de	O
T	B-loc
«	O
axe	O
»	O
Notre	O
correspondant	O
de	O
Paris	B-loc
nous	O
téléphone	O
:	O
.	O
.	O
.	O
.	O

•	O
•	O
!	O

L	O
'	O
évolution	O
de	O
la	O
situation	O
en	O
Europe	O
continue	O
à	O
soulever	O
certaines	O
appréhensions	O
.	O

Le	O
discours	O
du	O
chancelier	B-pers
Hitler	I-pers
à	O
Sarrebruck	B-loc
fait	O
toujours	O
l	O
'	O
objet	O
dé	O
nombreux	O
et	O
plutôt	O
pessimistes	O
commentaires	O
.	O

On	O
sent	O
que	O
l	O
'	O
Allemagne	B-loc
est	O
vivement	O
décidée	O
a	O
aller	O
plus	O
loin	O
,	O
dans	O
ses	O
revendications	O
et	O
nul	O
ne	O
serait	O
étonné	O
de	O
voir	O
la	O
question	O
coloniale	O
posée	O
dans	O
un	O
délai	O
plus	O
ou	O
moins	O
rapproché	O
.	O

'	O
"	O
•	O
.	O
-	O
.	O
;	O
.	O
.	O
.	O
.	O
D	O
'	O
autre	O
part	O
,	O
l	O
'	O
Italie	O
paraît	O
devoir	O
demeurer	O
fidèle	O
à	O
la	O
politique	O
de	O
l	O
'	O
axe	O
Berlin	O
-	O
Rome	O
.	O
C	O
'	O
est	O
à	O
se	O
demander	O
,	O
ditpri	O
,	O
ce	O
que	O
MM	O
.	O
Hitler	O
et	O
Mussolini	O
'	O
se	O
Sont	O
promis	O
mutuellement	O
En	O
effet	O
,	O
l	O
'	O
un	O
a	O
toujours	O
l	O
'	O
air	O
de	O
pouvoir	O
compter	O
sur	O
l	O
'	O
autre	O
pour	O
faire	O
aboutir	O
ses	O
revendications	O
.	O
On	O
estime	O
qu	O
'	O
il	O
y	O
-	O
a	O
un	O
parallélisme	O
flagrant	O
entre	O
le	O
discours	O
prononcé	O
dimanche	O
à	O
Sarrebruck	O
et	O
la	O
note	O
parue	O
dans	O
I	O
'	O
«	O
Information	O
Diplomatique	O
»	O
à	O
Rome	O
.	O

Ainsi	O
il	O
semble	O
que	O
si	O
,	O
au	O
lendemain	O
de	O
l	O
'	O
accord	O
de	O
Munich	O
,	O
on	O
a	O
cru	O
discerner	O
un	O
certain	O
ralentissement	O
entre	O
Berlin	O
et	O
Rome	O
,	O
ce	O
phénomène	O
ou	O
bien	O
ne	O
s	O
'	O
est	O
pas	O
produit	O
,	O
ou	O
bien	O
n	O
'	O
a	O
pas	O
duré	O
.	O

La	O
'	O
politique	O
do	O
l	O
'	O
axe	O
germanoitalien	O
semble	O
devoir	O
,	O
continuer	O
et	O
on	O
est	O
tenté	O
de	O
dire	O
qu	O
'	O
elle	O
se	O
poursuivra	O
tant	O
que	O
se	O
poseront	O
des	O
questions	O
telles	O
que	O
le	O
règlement	O
de	O
L	O
'	O
affaire	O
espagnole	O
,	O
la	O
.	O
mise	O
en	O
vigueur	O
dé	O
l	O
'	O
accord	O
anHo	O
-	O
italien	O
,	O
la	O
reconnaissance	O
de	O
Fe	O
,	O
ipire	O
d	O
'	O
Ethiopie	O
-	O
par	O
l	O
'	O
Angleterre	O
et	O
le	O
problème	O
des	O
intérêts	O
franco	O
-	O
italiens	O
en	O
Méditerranée	O
.	O

Dune	O
commune	O
à	O
l	O
'	O
autre	O
.	O
.	O
.	O

Echos	O
de	O
la	O
terre	O
vaudoise	O
AIGLE	B-loc
.	O

—	O
Réparations	O
et	O
embellissement	O
.	O

—	O
(	O
C	B-org
.	I-org
P	I-org
.	O
)	O
—	O
Aigle	O
connaît	O
depuis	O
quelques	O
mois	O
une	O
véritable	O
mais	O
très	O
heureuse	O
fièvre	O
de	O
réparations	O
et	O
d	O
'	O
embellissement	O
.	O

C	O
'	O
est	O
ainsi	O
que	O
la	O
réfection	O
de	O
la	O
chaussée	O
de	O
la	O
rue	O
du	O
Midi	O
et	O
du	O
carrefour	O
du	O
Tilleul	O
,	O
à	O
l	O
'	O
entrée	O
sud	O
de	O
la	O
ville	O
,	O
est	O
en	O
cours	O
;	O
à	O
ce	O
propos	O
,	O
des	O
conseillers	O
ont	O
manifesté	O
leur	O
surprise	O
,	O
au	O
cours	O
de	O
la	O
dernière	O
séance	O
du	O
Conseil	O
communal	O
,	O
de	O
voir	O
s	O
'	O
élever	O
un	O
mur	O
aussi	O
haut	O
et	O
aussi	O
peu	O
esthétique	O
.	O

Dans	O
celte	O
même	O
séance	O
,	O
notre	O
législatif	O
a	O
voté	O
un	O
crédit	O
global	O
de	O
fr	O
.	O
29	O
.	O

-	O
iOO	O
,	O
dont	O
à	O
déduire	O
divers	O
subsides	O
,	O
pour	O
des	O
réparations	O
à	O
faire	O
à	O
des	O
bâtiments	O
communaux	O
;	O
il	O
s	O
'	O
agit	O
du	O
Temple	O
du	O
Cloître	O
,	O
sérieusement	O
ébranlé	O
par	O
le	O
tremblement	O
de	O
terre	O
de	O
janvier	O
1916	O
(	O
9000	O
fr	O
.	O
)	O
,	O
du	O
local	O
de	O
gymnastique	O
(	O
deuxième	O
étape	O
de	O
travaux	O
,	O
concernant	O
la	O
toiture	O
:	O
9000	O
fr	O
.	O
)	O
,	O
du	O
Poste	O
de	O
gendarmerie	O
(	O
toiture	O
:	O
6	O
S	O
00	O
fr	O
.	O
)	O
,	O
des	O
anciens	O
abattoirs	O
(	O
façades	O
:	O
1600	O
fr	O
.	O
)	O
;	O
ce	O
dernier	O
objet	O
a	O
suscité	O
une	O
discussion	O
sur	O
l	O
'	O
urgence	O
,	O
voire	O
sur	O
la	O
nécessité	O
de	O
ces	O
iravaux	O
;	O
finalement	O
les	O
arguments	O
de	O
la	O
Municipalité	O
l	O
'	O
ont	O
emporté	O
.	O

—	O
Championnat	B-prod
scolaire	I-prod
.	O

—	O
(	O
C	B-org
.	I-org
P	O
.	O
)	O
—	O
Sur	O
l	O
'	O
initiative	O
du	O
maître	O
de	O
gymnastique	O
,	O
un	O
championnat	O
scolaire	O
de	O
basket	O
-	O
hall	O
,	O
d	O
'	O
alhlélisme	O
et	O
de	O
natation	O
a	O
été	O
organisé	O
à	O
l	O
'	O
occasion	O
de	O
la	O
Fête	O
des	O
écoles	O
,	O
qui	O
s	O
'	O
est	O
déroulée	O
le	O
11	O
juillet	O
.	O

Les	O
élèves	O
se	O
mesuraient	O
au	O
saut	O
en	O
longueur	O
et	O
en	O
hauteur	O
,	O
au	O
jet	O
du	O
boulet	O
,	O
à	O
la	O
course	O
de	O
vitesse	O
et	O
au	O
cross	O
counlry	O
en	O
forêt	O
.	O

A	O
cela	O
s	O
'	O
ajoutaient	O
,	O
pour	O
les	O
filles	O
,	O
d	O
-	O
es	O
épreuves	O
de	O
rythmique	O
et	O
d	O
'	O
équilibre	O
.	O

Les	O
inscriptions	O
furent	O
nombreuses	O
et	O
cette	O
tentative	O
fut	O
un	O
réel	O
succès	O
,	O
favorisé	O
par	O
le	O
beau	O
temps	O
.	O

La	O
place	O
disponible	O
ne	O
nous	O
permettant	O
pas	O
de	O
donner	O
des	O
résultats	O
détaillés	O
,	O
nous	O
ne	O
mentionnerons	O
que	O
les	O
champions	O
au	O
pentathlon	O
;	O
ce	O
sont	O
:	O
R	O
.	O
Deladoey	O
(	O
Ecole	O
primaire	O
,	O
1933	O
)	O
;	O
C	O
.	O
Chevillard	O
(	O
Collège	O
,	O
1931	O
)	O
;	O
H	O
.	O
Cross	O
(	O
Ecole	O
primaire	O
,	O
1935	O
)	O
;	O
chez	O
les	O
filles	O
:	O
Chr	O
.	O

Rouge	B-pers
(	O
Collège	B-loc
,	O
1935	O
)	O
,	O
J	O
.	O
Oberhaensli	O
(	O
Collège	B-loc
,	O
1936	O
)	O
.	O

BEX	B-loc
.	O

—	O
Conseil	B-org
communal	I-org
.	O

—	O
(	O
C	B-org
.	I-org
P	I-org
.	O
)	O
—	O
Six	O
nouveaux	O
conseillers	O
ont	O
prêté	O
serment	O
lors	O
de	O
la	O
dernière	O
séance	O
:	O
MM	O
.	O

Sublel	B-pers
,	O
Bralschi	O
,	O
Nicollerat	O
,	O
Soutier	O
,	O
Favrod	O
et	O
Zumbrunnen	O
.	O

Le	O
premier	O
des	O
candidats	O
,	O
M	O
.	O
Buitin	O
,	O
remplacera	O
M	O
.	O
Maurice	O
Fontannaz	O
,	O
qui	O
quitte	O
la	O
localité	O
.	O

L	O
'	O
assemblée	O
a	O
voté	O
deux	O
crédits	O
:	O
l	O
'	O
un	O
de	O
3700	O
fr	O
.	O
pour	O
assurer	O
l	O
'	O
amenée	O
de	O
l	O
'	O
eau	O
à	O
l	O
'	O
Arsenal	O
fédéral	O
de	O
Tavalles	O
;	O
l	O
'	O
autre	O
de	O
3800	O
fr	O
.	O
pour	O
permettre	O
la	O
construction	O
de	O
la	O
Chapelle	O
des	O
Posses	O
,	O
d	O
'	O
après	O
les	O
pians	O
de	O
.	O

M	B-pers
.	I-pers
Reymond	I-pers
,	O
architecte	O
à	O
La	O
Tour	O
de	O
Peilz	O
.	O

Selon	O
renseignements	O
fournis	O
par	O
M	B-pers
.	I-pers
le	I-pers
syndic	I-pers
Sollberger	I-pers
,	O
un	O
tea	O
-	O
room	O
pourra	O
être	O
ouvert	O
à	O
Solalex	O
.	O

L	O
'	O
assemblée	O
des	O
3	O
S	O
8	O
communes	O
vaudoises	O
tiendra	O
ses	O
assises	O
à	O
Bex	O
,	O
cette	O
année	O
.	O

La	O
Société	B-org
des	I-org
Forces	I-org
motrices	I-org
de	I-org
l	O
'	O
Avançon	B-loc
fêlera	I-loc
son	I-loc
cinquantième	I-loc
anniversaire	I-loc
le	I-loc
9	B-time
septembre	I-time
.	O

RENENS	B-loc
—	O
Société	O
de	O
développement	O
.	O

—	O
(	O
C	O
.	O
P	O
.	O
)	O
—	O
Lors	O
de	O
son	O
assemblée	O
générale	O
,	O
présidée	O
par	O
M	O
.	O
Ruedi	O
,	O
notaire	O
,	O
la	O
Société	O
de	O
développement	O
de	O
Renens	O
et	O
environs	O
a	O
constitué	O
son	O
comité	O
comme	O
suit	O
:	O
MM	O
.	O

D	B-pers
Dusserre	I-pers
(	O
Chavannes	B-loc
)	O
,	O
Clardon	O
Antoine	O
(	O
Ecublens	O
)	O
,	O
Moraz	O
(	O
Crissier	O
)	O
.	O

MM	B-pers
.	O

Manriry	B-pers
,	O
Christin	O
,	O
Clardon	O
,	O
no	O
taire	O
,	O
Ross	O
,	O
Coderey	O
et	O
Arthur	O
Miéville	O
,	O
ces	O
derniers	O
de	O
Renens	O
.	O

Il	O
reste	O
encore	O
quatre	O
délégués	O
des	O
autorités	O
de	O
Chavannes	B-loc
,	O
Ecublens	O
,	O
Crissier	O
et	O
Renens	O
à	O
désigner	O
.	O

La	O
finance	O
d	O
'	O
entrée	O
a	O
été	O
fixée	O
à	O
2	O
fr	O
.	O
et	O
pas	O
de	O
cotisation	O
à	O
payer	O
pour	O
1918	O
.	O

Par	O
suite	O
de	O
la	O
rapide	O
extension	O
de	O
l	O
'	O
agglomération	O
de	O
Renens	O
,	O
une	O
telle	O
société	O
a	O
sa	O
raison	O
d	O
'	O
être	O
et	O
on	O
ne	O
peut	O
que	O
souhaiter	O
à	O
celleci	O
longue	O
vie	O
et	O
prospérité	O
.	O

La	O
situation	O
financière	O
du	O
Châtelard	B-loc
On	O
sait	O
que	O
la	O
commune	O
du	O
Châtelard	B-loc
-	O
Mon	O
-	O
'	O
'	O
treux	O
se	O
débat	O
dans	O
des	O
difficultés	O
financières	O
nées	O
-	O
de	O
la	O
guerre	O
de	O
1914	B-time
-	O
1918	O
;	O
elle	O
a	O
dû	O
conclure	O
un	O
arrangement	O
avec	O
ses	O
créanciers	O
obligataires	O
et	O
a	O
obtenu	O
la	O
garantie	O
de	O
l'<org>Etat	O
'	O
Etat	O
de	O
Vaud	I-org
pour	O
ie	O
paiement	O
d	O
'	O
un	O
intérêt	O
de	O
2	O
A	O
%	O
;	O
le	O
moment	O
est	O
venu	O
où	O
elle	O
doit	O
commencer	O
à	O
rembourser	O
ses	O
dettes	O
,	O
mais	O
sa	O
situation	O
financière	O
ne	O
s	O
'	O
est	O
pas	O
améliorée	O
.	O

La	O
commission	O
de	O
contrôle	O
nommée	O
par	O
l	O
'	O
Etat	B-loc
,	O
au	O
moment	O
du	O
renouvellement	O
de	O
l	O
'	O
arrêté	O
d	O
'	O
impôt	O
pour	O
1949	O
,	O
demande	O
au	O
Conseil	O
communal	O
la	O
perception	O
d	O
'	O
une	O
contribution	O
extraordinaire	O
à	O
l	O
'	O
assainissement	O
des	O
finances	O
communales	O
d	O
'	O
au	O
moins	O
10	O
%	O
.	O

Une	O
aide	O
massive	O
de	O
l	O
'	O
Etat	B-org
à	O
la	O
commune	O
du	O
'	O
Châtelard	B-loc
ne	O
peut	O
être	O
obtenue	O
que	O
si	O
les	O
contribuables	O
de	O
la	O
commune	O
font	O
un	O
effort	O
supplémentaire	O
.	O
La	O
Municipalité	O
,	O
la	O
commission	O
des	O
finances	O
ont	O
fait	O
opposition	O
à	O
cette	O
exigence	O
;	O
une	O
entrevue	O
eut	O
lieu	O
avec	O
le	O
Conseil	O
d	O
'	O
Etat	O
le	O
22	O
novembre	O
,	O
qui	O
n	O
'	O
aboutit	O
pas	O
.	O
La	O
Municipalité	O
a	O
donc	O
proposé	O
au	O
Conseil	O
communal	O
réuni	O
mercredi	O
soir	O
,	O
la	O
perception	O
d	O
'	O
un	O
surimpôt	O
égal	O
au	O
10	O
%	O
de	O
l	O
'	O
ensemble	O
des	O
impôts	O
fonciers	O
,	O
sur	O
la	O
fortune	O
et	O
le	O
produit	O
du	O
travail	O
,	O
sur	O
le	O
capital	O
et	O
le	O
bénéfice	O
net	O
des	O
personnes	O
morales	O
,	O
dont	O
le	O
bénéfice	O
servira	O
à	O
l	O
'	O
amortissement	O
des	O
emprunts	O
obligataires	O
.	O
Une	O
vive	O
opposition	O
s	O
'	O
est	O
manifestée	O
au	O
cours	O
de	O
la	O
discussion	O
;	O
cette	O
augmentation	O
d	O
'	O
impôts	O
.	O

.	O

pourrait	O
avoir	O
de	O
graves	O
conséquences	O
finan	O
-	O
|	O
cières	O
pour	O
la	O
commune	B-loc
qui	O
risque	O
de	O
voir	O
partir	O
des	O
contribuables	O
intéressants	O
.	O

La	O
solution	O
pourrait	O
être	O
trouvée	O
dans	O
une	O
nouvelle	O
com	O
-	O
I	O
pression	O
des	O
dépenses	O
qui	O
prouverait	O
la	O
bonne	O
volonté	O
de	O
la	O
commune	B-loc
et	O
la	O
découverte	O
de	O
ressources	O
nouvelles	O
qui	O
ne	O
chasserait	O
pas	O
les	O
contribuables	O
.	O

La	O
décision	O
interviendra	O
dans	O
une	O
séance	O
convoquée	O
pour	O
le	O
22	B-time
décembre	I-time
.	O

Finances	O
fédérales	O
:	O
le	O
Département	B-org
arrête	O
les	O
dispositions	O
pratiques	O
Les	O
nouvelles	O
dispositions	O
constitutionnelles	O
sur	O
le	O
régime	O
financier	O
de	O
la	O
Confédération	B-org
viennent	O
de	O
faire	O
l	O
'	O
objet	O
de	O
deux	O
ordonnances	O
d	O
'	O
application	O
du	O
Département	O
fédéral	O
des	O
finances	O
et	O
des	O
douanes	O
.	O

L	O
'	O
impôt	O
sur	O
le	O
luxe	O
,	O
on	O
le	O
sait	O
,	O
ne	O
sera	O
plus	O
perçu	O
après	O
le	O
31	O
décembre	O
1958	O
,	O
sauf	O
en	O
ce	O
qui	O
concerne	O
les	O
faits	O
qui	O
sont	O
survenus	O
et	O
les	O
rapports	O
de	O
droit	O
qui	O
ont	O
pris	O
naissance	O
jusqu	O
'	O
à	O
cette	O
date	O
.	O

D	O
'	O
autre	O
part	O
,	O
la	O
liste	O
des	O
objets	O
exonérés	O
de	O
l	O
'	O
ICHA	O
est	O
étendue	O
.	O

L	O
'	O
ordonnance	O
,	O
qui	O
entrera	O
en	O
vigueur	O
le	O
1	O
"	O
janvier	O
1959	O
,	O
précise	O
que	O
les	O
possesseurs	O
d	O
'	O
estampilles	O
d	O
'	O
impôt	O
sur	O
le	O
luxe	O
,	O
acquises	O
auprès	O
des	O
offices	O
de	O
poste	O
ou	O
de	O
l	O
'	O
administration	O
fédérale	O
des	O
contributions	O
,	O
peuvent	O
demander	O
la	O
restitution	O
de	O
l	O
'	O
impôt	O
ainsi	O
acquitté	O
,	O
sous	O
réserve	O
de	O
compensation	O
de	O
l	O
'	O
impôt	O
sur	O
le	O
luxe	O
restant	O
dû	O
.	O
Ce	O
droit	O
sera	O
prescrit	O
le	O
30	O
juin	O
1959	O
.	O
Quant	O
à	O
l	O
'	O
impôt	O
sur	O
le	O
chiffre	O
d	O
'	O
affaires	O
,	O
rappelons	O
que	O
la	O
liste	O
des	O
marchandises	O
exonérées	O
sera	O
étendue	O
,	O
dès	O
le	O
1	O
"	O
janvier	O
1959	O
:	O
aux	O
livraisons	O
en	O
gros	O
de	O
boissons	O
sans	O
alcool	O
,	O
réputées	O
denrées	O
alimentaires	O
;	O
à	O
certains	O
produits	O
pour	O
1	O
essives	O
et	O
savons	O
;	O
aux	O
combustibles	O
;	O
aux	O
semences	O
,	O
tubercules	O
et	O
oignons	O
à	O
replanter	O
,	O
plantes	O
vivantes	O
,	O
boutures	O
,	O
greffes	O
,	O
fleurs	O
coupées	O
et	O
rameaux	O
,	O
couronnes	O
,	O
etc	O
.	O

;	O
aux	O
engrais	O
et	O
produits	O
pour	O
la	O
protection	O
des	O
plantes	O
,	O
litières	O
,	O
fourrages	O
et	O
acides	O
pour	O
l	O
'	O
ensilage	O
;	O
enfin	O
,	O
aux	O
médicaments	O
et	O
aux	O
livres	O
.	O

SONT	B-org
RÉPUTÉS	I-org
MÉDICAMENTS	I-org
Le	I-org
Département	I-org
précise	O
que	O
sont	O
réputés	O
médicaments	O
:	O
les	O
spécialités	O
pharmaceutiques	O
(	O
y	O
compris	O
les	O
spécialités	O
de	O
comptoir	O
)	O
,	O
les	O
médicaments	O
confectionnés	O
dont	O
'	O
la	O
vente	O
au	O
détail	O
n	O
'	O
est	O
autorisée	O
que	O
dans	O
les	O
pharmacies	O
et	O
drogueries	O
,	O
et	O
les	O
substances	O
et	O
mélanges	O
de	O
qualité	O
conforme	O
à	O
la	O
pharmacopée	O
,	O
si	O
elles	O
ne	O
peuvent	O
être	O
,	O
dans	O
une	O
mesure	O
notable	O
,	O
destinées	O
à	O
des	O
usages	O
autres	O
que	O
médicinaux	O
.	O

SONT	B-prod
RÉPUTÉS	I-prod
LIVRES	I-prod
Sont	O
réputés	O
livres	O
,	O
d	O
'	O
autre	O
part	O
,	O
«	O
les	O
imprimés	O
présentant	O
un	O
contenu	O
religieux	O
,	O
littéraire	O
,	O
artistique	O
,	O
récréatif	O
,	O
éducatif	O
,	O
instructif	O
ou	O
scientifique	O
,	O
ayant	O
au	O
moins	O
16	O
pages	O
,	O
sous	O
forme	O
de	O
livre	O
ou	O
de	O
brochure	O
»	O
.	O

Exception	O
:	O
imprimés	B-prod
publicitaires	I-prod
.	O

Les	O
commerçants	O
et	O
fabricants	O
qui	O
,	O
au	O
1	O
"	O
janvier	O
1959	O
,	O
ne	O
seront	O
pas	O
grossistes	O
au	O
sens	O
de	O
la	O
loi	O
.	O

et	O
posséderont	O
un	O
stock	O
de	O
marchandises	O
exonérées	O
,	O
destinées	O
à	O
la	O
revente	O
ou	O
à	O
l	O
'	O
emploi	O
comme	O
matières	O
premières	O
dans	O
la	O
fabrication	O
professionnelle	O
,	O
auront	O
droit	O
à	O
un	O
remboursement	O
qui	O
s	O
'	O
élèvera	O
à	O
5,4	O
%	O
pour	O
les	O
médicaments	O
et	O
les	O
livres	O
et	O
à	O
2.25	O
%	O
pour	O
les	O
autres	O
marchandises	O
.	O

Ce	O
droit	O
sera	O
prescrit	O
le	O
30	B-time
juin	I-time
1959	I-time
.	O

VASTE	O
OPÉRATION	O
DE	O
SOUTIEN	O
INTERNATIONAL	O
Franc	B-pers
français	I-pers
menacé	O
LONDRES	O
.	O

29	B-time
mai	I-time
.	O

—	O
Une	O
vaste	O
opération	O
internationale	O
a	O
été	O
entreprise	O
sous	O
l	O
'	O
égide	O
de	O
la	O
BRI	O
(	O
Banque	O
des	O
Règlements	O
Internationaux	O
)	O
en	O
vue	O
de	O
sauver	O
le	O
franc	O
français	O
d	O
'	O
une	O
dévaluation	O
provoquée	O
par	O
la	O
panique	O
,	O
et	O
pour	O
protéger	O
les	O
autres	O
devises	O
du	O
monde	O
occidental	O
.	O

L	O
'	O
appel	O
à	O
la	O
BRI	O
a	O
été	O
lancé	O
par	O
la	O
Banque	O
de	O
France	O
,	O
dont	O
l	O
'	O
activité	O
se	O
trouve	O
paralysée	O
,	O
alors	O
que	O
les	O
Français	O
cherchent	O
à	O
échanger	O
massivement	O
leurs	O
francs	O
contre	O
des	O
devises	O
étrangères	O
.	O

Cependant	O
les	O
différents	O
marchés	O
de	O
l	O
'	O
or	B-prod
en	O
Europe	B-loc
se	O
montrent	O
étrangement	O
calmes	O
.	O

Les	O
transactions	O
restent	O
modérées	O
et	O
le	O
prix	O
de	O
l	O
'	O
or	B-prod
n	O
'	O
a	O
enregistré	O
que	O
des	O
variations	O
minimes	O
depuis	O
la	O
fin	O
de	O
la	O
semaine	O
dernière	O
.	O

Les	O
<loc>	O
eux	O
-	O
mêmes	O
semblent	O
préférer	O
pour	O
l	O
'	O
instant	O
acheter	O
des	O
dollars	O
,	O
des	O
marks	O
ou	O
des	O
francs	O
suisses	O
.	O

En	O
revanche	O
,	O
on	O
observe	O
une	O
absence	O
presque	O
totale	O
de	O
demandes	O
de	O
francs	O
français	O
,	O
dans	O
les	O
grands	O
centres	O
bancaires	O
.	O

C	O
'	O
est	O
ainsi	O
que	O
la	O
BRI	O
a	O
dû	O
acheter	O
des	O
francs	O
français	O
offerts	O
en	O
Aile	O
-	O
,	O
magne	O
occidentale	O
.	O

Les	O
achats	O
se	O
sont	O
effectués	O
au	O
«	O
taux	O
-	O
plancher	O
»	O
de	O
4,9740	O
pour	O
un	O
dollar	B-loc
.	O

(	O
Ap	B-org
)	O

RIVE	B-loc
GAUCHE	I-loc
RIVE	I-loc
DROITE	I-loc
Chez	O
Paul	B-pers
Morand	I-pers
de	O
l'<org>Académie	O
'	O
Académie	O
française	I-org
Etrange	O
croisement	O
.	O

J	O
'	O
étais	O
samedi	O
chez	O
Paul	O
Morand	O
comme	O
nous	O
parvenait	O
la	O
nouvelle	O
de	O
la	O
mort	O
de	O
Jean	O
Schlumberger	O
.	O

L	O
'	O
un	O
naissait	O
à	O
la	O
dignité	O
académique	O
,	O
l	O
'	O
autre	O
prenait	O
congé	O
de	O
tout	O
.	O

Deux	O
contemporains	O
,	O
à	O
quelques	O
années	O
près	O
.	O

Schlumberger	B-pers
avait	O
fondé	O
la	O
«	O
Nouvelle	B-prod
Revue	I-prod
Française	I-prod
»	O
,	O
Morand	O
lui	O
avait	O
donné	O
ses	O
premiers	O
gros	O
tirages	O
.	O

—	O
Monsieur	B-pers
,	O
lui	O
dis	O
-	O
je	O
,	O
vous	O
voici	O
donc	O
immortel	O
!	O

Morand	B-pers
-	O
me	O
répondit	O
par	O
une	O
citation	O
de	O
Chateaubriand	B-pers
.	O

Mais	O
qu	O
'	O
est	O
-	O
ce	O
que	O
l	O
'	O
immortalité	O
?	O

En	O
me	O
rendant	O
chez	O
le	O
nouvel	O
académicien	O
,	O
la	O
Tour	O
Eiffel	O
,	O
sa	O
voisine	O
,	O
m	O
'	O
en	O
offrit	O
l	O
'	O
image	O
.	O

Le	O
brouillard	O
d	O
'	O
octobre	O
masquait	O
son	O
sommet	O
.	O

Je	O
pensai	O
que	O
l	O
'	O
immortalité	O
,	O
c	O
'	O
est	O
quelque	O
chose	O
dont	O
on	O
voit	O
le	O
commencement	O
mais	O
dont	O
on	O
ne	O
voit	O
pas	O
la	O
fin	O
.	O

Morand	B-pers
,	O
lui	O
,	O
je	O
le	O
vis	O
en	O
son	O
milieu	O
,	O
dans	O
sa	O
force	O
,	O
attentif	O
à	O
tout	O
,	O
présent	O
et	O
donnant	O
vie	O
au	O
décor	O
un	O
peu	O
musée	O
de	O
son	O
appartement	O
parisien	O
,	O
sombre	O
et	O
solennel	O
au	O
rebours	O
de	O
lui	O
.	O

Et	O
cet	O
habit	O
académique	O
,	O
dont	O
on	O
l	O
'	O
investit	O
enfin	O
après	O
deux	O
essayages	O
,	O
est	O
-	O
il	O
permis	O
de	O
se	O
demander	O
s	O
'	O
il	O
n	O
'	O
est	O
pas	O
au	O
rebours	O
de	O
deux	O
ou	O
trois	O
choses	O
que	O
l	O
'	O
on	O
sait	O
de	O
lui	O
,	O
le	O
nonconformisme	O
,	O
l	O
'	O
humour	O
;	O
et	O
s	O
'	O
il	O
ne	O
gêne	O
pas	O
aux	O
entournures	O
le	O
jeune	O
libertaire	O
de	O
l	O
'	O
esprit	O
qui	O
persiste	O
en	O
lui	O
et	O
dont	O
les	O
exploits	O
firent	O
un	O
auteur	O
d	O
'	O
avant	O
-	O
garde	O
dans	O
les	O
années	O
20	O
?	O

Morand	B-pers
me	O
répondit	O
par	O
une	O
citation	O
de	O
Paulhan	B-pers
.	O

Je	O
le	O
mis	O
sur	O
Proust	B-pers
,	O
qu	O
'	O
il	O
avait	O
impressionné	O
.	O

Mais	O
en	O
quoi	O
?	O

—	O
En	O
ceci	O
que	O
ma	O
littérature	O
s	O
'	O
accordait	O
à	O
ma	O
vie	O
,	O
non	O
pas	O
un	O
domaine	O
réservé	O
mais	O
intégré	O
.	O

Je	O
nourrissais	O
mes	O
livres	B-prod
de	O
mes	O
voyages	O
,	O
de	O
mes	O
rencontres	O
,	O
de	O
mes	O
expériences	O
sportives	O
.	O

Cela	O
a	O
étonné	O
.	O

A	O
l	O
'	O
époque	B-time
la	O
littérature	O
se	O
faisait	O
à	O
l	O
'	O
abri	O
des	O
tentures	O
.	O

C	O
'	O
était	O
une	O
littérature	O
de	O
cabinet	O
.	O

Je	O
fis	O
une	O
littérature	B-prod
de	O
plein	O
air	O
.	O

En	O
sortant	O
de	O
chez	O
Paul	B-pers
Morand	I-pers
,	O
le	O
bout	O
de	O
la	O
Tour	O
Eiffel	O
était	O
toujours	O
invisible	O
,	O
mais	O
sa	O
base	O
,	O
masquée	O
par	O
une	O
écume	O
de	O
touristes	O
,	O
l	O
'	O
était	O
également	O
.	O

Que	O
symbolise	O
quelque	O
chose	O
dont	O
on	O
ne	O
voit	O
ni	O
la	O
fin	O
ni	O
le	O
commencement	O
?	O

Je	O
pensai	O
que	O
ce	O
pouvait	O
être	O
l	O
'	O
éternité	B-time
.	O

Qui	O
n	O
'	O
est	O
pas	O
l	O
'	O
affaire	O
de	O
l	O
'	O
homme	O
,	O
dont	O
on	O
voit	O
toujours	O
le	O
départ	O
,	O
l	O
'	O
homme	O
qui	O
n	O
'	O
est	O
rien	O
avant	O
de	O
se	O
faire	O
.	O

Sur	O
Jean	B-pers
Schlumberger	I-pers
qui	O
oublia	O
d	O
'	O
en	O
être	O
Etait	O
-	O
ce	O
pressentiment	O
?	O

Moi	O
qui	O
n	O
'	O
avais	O
jamais	O
rencontré	O
Jean	O
Schlumberger	O
—	O
quelle	O
pudeur	O
me	O
retenait	O
sinon	O
le	O
reflet	O
de	O
la	O
sienne	O
—	O
j	O
'	O
avais	O
,	O
il	O
y	O
a	O
peu	O
.	O

demandé	O
chez	O
Gallimard	B-org
s	O
'	O
il	O
était	O
possible	O
de	O
lui	O
rendre	O
visite	O
.	O

Les	O
circonstances	O
montrent	O
que	O
c	O
'	O
était	O
la	O
dernière	O
occasion	O
.	O

On	O
me	O
répondit	O
que	O
sa	O
mauvaise	O
santé	O
condamnait	O
sa	O
porte	B-loc
.	O

Ce	O
n	O
'	O
était	O
plus	O
,	O
je	O
le	O
compris	O
,	O
qu	O
'	O
une	O
question	O
de	O
jours	O
.	O

Il	O
me	O
faut	O
donc	O
,	O
à	O
défaut	O
de	O
témoigner	O
sur	O
lui	O
,	O
écouter	O
ceux	O
qui	O
l	O
'	O
ont	O
connu	O
.	O

Que	O
disent	O
-	O
ils	O
de	O
Schlumberger	B-pers
?	O

Ils	O
ne	O
disent	O
que	O
du	O
bien	O
.	O

A	O
cela	O
se	O
reconnaît	O
la	O
qualité	O
de	O
l	O
'	O
homme	B-pers
:	O
qu	O
'	O
aucune	O
voix	O
ne	O
désaccorde	O
l	O
'	O
éloge	O
,	O
hommage	O
rare	O
pour	O
un	O
personnage	O
rare	O
dans	O
un	O
monde	O
plutôt	O
féroce	O
où	O
la	O
mort	O
ne	O
désarme	O
pas	O
les	O
adversaires	O
.	O

Schlumberger	B-pers
n	O
'	O
en	O
avait	O
pas	O
.	O

Il	O
était	O
la	O
délicatesse	O
même	O
,	O
l	O
'	O
intelligence	O
et	O
l	O
'	O
amitié	O
.	O

Jamais	O
on	O
ne	O
vit	O
les	O
vertus	O
de	O
l	O
'	O
esprit	O
prendre	O
un	O
plus	O
noble	O
appui	O
sur	O
celles	O
du	O
cœur	O
que	O
chez	O
lui	O
.	O

Il	O
fit	O
sa	O
joie	O
et	O
celle	O
des	O
autres	O
et	O
voua	O
ses	O
efforts	O
à	O
favoriser	O
la	O
littérature	B-prod
de	O
ses	O
amis	O
au	O
détriment	O
de	O
la	O
sienne	O
.	O

Pour	O
laisser	O
Gide	B-pers
et	O
Martin	B-pers
du	I-pers
Gard	I-pers
à	O
leurs	O
grands	O
travaux	O
,	O
il	O
faisait	O
le	O
ménage	O
de	O
la	O
NRF	O
.	O

En	O
quoi	O
il	O
me	O
fait	O
penser	O
à	O
Edmond	B-pers
Gilliard	I-pers
qui	O
faisait	O
celle	O
des	O
«	O
Cahiers	B-prod
vaudois	I-prod
»	O
,	O
pour	O
permettre	O
à	O
Ramuz	O
d	O
'	O
exister	O
.	O

Où	O
le	O
roman	O
crée	O
l	O
'	O
événement	O
«	O
Cctait	O
dimanche	O
,	O
l	O
'	O
avenida	O
de	O
Los	O
Pacificos	O
est	O
l	O
'	O
ancre	O
principale	O
du	O
quartier	O
de	O
Pucnte	O
Vjeja	O
.	O
l	O
'	O
un	O
déplus	O
populaires	O
de	O
Villacorte	O
»	O
.	O
.	O
.	O

C	O
'	O
est	O
un	O
roman	O
.	O

Ainsi	O
commence	O
«	O
L	B-prod
'	I-prod
Homme	I-prod
à	I-prod
la	O
Pancarte	I-prod
»	O
de	O
Gonzalo	B-pers
Arias	I-pers
(	O
1	O
)	O
.	O

Le	O
titre	O
espagnol	B-loc
est	O
meilleur	O
:	O
cl	O
.	O

os	B-prod
Encartelados	I-prod
»	O
,	O
litéralement	O
l	O
'	O
homme	O
«	O
Encartelé	O
»	O
.	O

homme	B-prod
-	I-prod
sandwich	I-prod
,	O
si	O
l	O
'	O
on	O
veut	O
.	O

Cet	O
homme	O
,	O
c	O
'	O
est	O
Euscbio	O
Martin	O
.	O

Un	O
personnage	O
de	O
roman	O
.	O

Martin	B-pers
,	O
ce	O
dimanche	O
-	O
là	O
,	O
20	O
octobre	O
1	O
968	O
,	O
sort	O
dans	O
la	O
rue	O
,	O
au	O
soleil	O
,	O
ayant	O
épingle	O
sur	O
son	O
dos	O
et	O
sur	O
sa	O
poitrine	O
deux	O
pancartes	O
qui	O
disent	O
:	O
Au	O
nom	O
de	O
71	O
%	O
des	O
Trujibériens	O
,	O
je	O
demande	O
respectueusement	O
au	O
général	O
Tranco	O
sauveur	O
de	O
la	O
patrie	O
d	O
'	O
organiser	O
des	O
élections	O
libres	O
au	O
poste	O
de	O
-	O
chef	O
de	O
l	O
'	O
Etat	O
.	O

Il	O
est	O
dans	O
la	O
rue	B-loc
,	O
au	O
soleil	O
,	O
avec	O
ses	O
lettres	O
et	O
cela	O
n	O
'	O
a	O
pas	O
été	O
facile	O
.	O

Il	O
a	O
eu	O
l	O
'	O
impression	O
de	O
plonger	O
dans	O
une	O
piscine	O
d	O
'	O
eau	O
froide	O
.	O

L	O
'	O
auteur	B-pers
nous	O
montre	O
ce	O
qui	O
se	O
passe	O
dans	O
la	O
tête	O
de	O
Martin	B-pers
.	O

s	O
Selon	O
le	O
procédé	O
du	O
roman	B-prod
.	O

Martin	B-pers
ne	O
va	O
pas	O
loin	O
,	O
il	O
sera	O
tout	O
de	O
suite	O
arrêté	O
par	O
la	O
police	O
.	O

Dimanche	B-time
20	I-time
octobre	I-time
Eusebio	B-pers
Martin	I-pers
était	O
donc	O
dans	O
la	O
rue	O
avec	O
ses	O
pancartes	O
.	O

Pourquoi	O
avoir	O
postdaté	O
l	O
'	O
histoire	O
?	O

Je	O
la	O
lisais	O
doucement	O
.	O

C	O
'	O
était	O
lundi	O
.	O

Cinq	B-time
heures	I-time
,	O
j	O
'	O
ouvre	O
«	O
Le	O
Monde	O
»	O
.	O

Nouvelles	O
d	O
'	O
Espagne	B-loc
:	O
Un	O
homme	O
de	O
42	O
ans	O
,	O
père	O
de	O
six	O
enfants	O
,	O
a	O
été	O
arrêté	O
par	O
la	O
police	O
à	O
Madrid	O
,	O
il	O
portait	O
une	O
pancarte	O
subversive	O
,	O
il	O
s	O
'	O
agit	O
de	O
M	O
.	O
Gonzalo	O
Arias	O
,	O
fonctionnaire	O
de	O
!	O

Unesco	B-org
,	O
à	O
Paris	O
.	O

Ce	O
n	O
'	O
était	O
plus	O
du	O
roman	O
.	O

Le	O
roman	B-prod
brusquement	O
devenait	O
réalité	O
.	O

Certes	O
,	O
Jean	O
-	O
Marie	O
Domenach	O
,	O
dans	O
sa	O
préface	O
au	O
livre	O
écrit	O
que	O
la	O
fiction	O
sera	O
suivie	O
,	O
aux	O
dates	O
indiquées	O
,	O
d	O
'	O
actes	O
réels	O
.	O

Mais	O
n	O
'	O
était	O
-	O
ce	O
pas	O
espérance	O
ou	O
clause	O
de	O
style	O
?	O

C	O
'	O
était	O
vrai	O
.	O

x	O
Alors	O
que	O
l	O
'	O
événement	O
,	O
d	O
'	O
ordinaire	O
,	O
aboutit	O
au	O
roman	O
,	O
le	O
roman	O
ici	O
créait	O
l	O
'	O
événement	O
.	O

Sur	O
le	O
plan	O
des	O
rapports	O
entre	O
l	O
'	O
imaginaire	O
et	O
le	O
vécu	O
,	O
il	O
y	O
a	O
pour	O
le	O
lecteur	O
quelque	O
chose	O
de	O
fascinant	O
dans	O
cette	O
aventure	O
.	O

Imaginez	O
que	O
vous	O
rêviez	O
d	O
'	O
un	O
sphynx	O
,	O
vous	O
vous	O
réveillez	O
,	O
et	O
il	O
est	O
devant	O
vous	O
.	O

Mais	O
il	O
y	O
a	O
surtout	O
dans	O
l	O
'	O
aventure	O
une	O
cause	O
noble	O
qu	O
'	O
il	O
faut	O
défendre	O
et	O
éclairer	O
de	O
tous	O
les	O
feux	O
de	O
l	O
'	O
information	O
:	O
celle	O
de	O
la	O
liberté	O
de	O
l	O
'	O
individu	O
contre	O
la	O
tyrannie	O
du	O
totalitarisme	O
,	O
prenant	O
ici	O
la	O
forme	O
de	O
la	O
nonviolence	O
courageuse	O
contre	O
la	O
violence	O
répressive	O
de	O
l	O
'	O
Etat	O
.	O

Trois	O
Prix	B-prod
Nobel	I-prod
pour	O
un	O
seul	O
éditeur	O
«	O
Pays	B-prod
de	I-prod
Neige	I-prod
»	O
,	O
publié	O
en	O
traduction	O
française	O
par	O
Albin	O
-	O
Michel	O
en	O
1960	O
avait	O
,	O
il	O
faut	O
le	O
dire	O
,	O
bien	O
peu	O
retenu	O
l	O
'	O
attention	O
.	O

Armel	B-pers
Guerne	I-pers
.	O

son	O
adaptateur	O
,	O
m	O
'	O
en	O
avait	O
«	O
téléphoné	O
»	O
les	O
mérites	O
:	O
un	O
frisson	O
nouveau	O
.	O

C	O
'	O
était	O
vrai	O
.	O

Le	O
roman	B-prod
m	O
'	O
a	O
laissé	O
la	O
trace	O
d	O
'	O
une	O
blancheur	O
,	O
la	O
rayure	O
d	O
'	O
un	O
cristal	O
.	O

Mais	O
ce	O
frisson	O
peu	O
accordé	O
à	O
notre	O
Occident	B-loc
,	O
cette	O
voix	O
du	O
silence	O
et	O
du	O
lointain	O
contraire	O
à	O
notre	O
vie	O
,	O
le	O
courant	O
les	O
a	O
emportés	O
.	O

II	O
y	O
a	O
chez	O
Kawabata	B-pers
.	O

Guy	B-pers
Dunmr	I-pers
l	O
'	O
indique	O
,	O
une	O
attention	O
aux	O
objets	O
qui	O
fait	O
penser	O
à	O
notre	O
«	O
nouveau	O
roman	O
»	O
.	O

Mais	O
l	O
'	O
approche	O
en	O
est	O
bien	O
différente	O
.	O

Les	O
objets	O
,	O
chez	O
Sarraute	O
,	O
chez	O
Robbe	O
-	O
Grillet	O
,	O
sont	O
saisis	O
par	O
des	O
moyens	O
que	O
ne	O
desavoueraient	O
pas	O
la	O
géométrie	O
ou	O
la	O
statistique	O
.	O

En	O
cela	O
leur	O
littérature	O
est	O
à	O
la	O
page	O
.	O

Tandis	O
que	O
chez	O
Kawabata	B-pers
les	O
objets	O
sont	O
perçus	O
selon	O
l	O
'	O
angle	O
d	O
'	O
une	O
sensibilité	O
toute	O
subjective	O
,	O
hors	O
du	O
temps	O
et	O
de	O
notre	O
espace	O
.	O

Kawabata	B-pers
est	O
un	O
poète	O
.	O

L	O
'	O
attribution	O
qui	O
lui	O
a	O
été	O
faite	O
du	O
Prix	O
Nobel	O
de	O
littérature	O
rejaillit	O
sur	O
les	O
éditeurs	O
qui	O
l	O
'	O
ont	O
servi	O
,	O
en	O
France	O
Albin	O
-	O
Michel	O
.	O

Celui	O
-	O
ci	O
vient	O
de	O
réussir	O
un	O
triplé	O
sans	O
précédent	O
et	O
probablement	O
sans	O
avenir	O
:	O
trois	O
Prix	B-prod
Nobel	I-prod
en	O
trois	O
années	O
successives	O
:	O
l	O
'	O
Israélien	B-loc
Agnon	B-pers
en	O
1966	B-time
,	O
le	O
Guatémaltèque	O
Asturias	O
en	O
1967	O
et	O
le	O
Japonais	O
Yanusari	O
Kawabata	O
en	O
1968	O
!	O

Les	O
maisons	O
de	O
la	O
culture	O
en	O
péril	O
André	B-pers
Malraux	I-pers
a	O
des	O
difficultés	O
avec	O
ses	O
maisons	O
de	O
la	O
culture	O
.	O

Celle	O
de	O
Thonon	B-loc
n	O
'	O
en	O
est	O
plus	O
une	O
,	O
du	O
moins	O
au	O
sens	O
national	O
et	O
officiel	O
du	O
mot	O
.	O

Le	O
ministère	B-org
l	O
'	O
a	O
privée	O
de	O
cette	O
qualification	O
.	O

Avec	O
ses	O
propres	O
moyens	O
,	O
la	O
Municipalité	O
de	O
Thonon	O
reprend	O
cette	O
maison	O
et	O
entend	O
maintenir	O
son	O
activité	O
,	O
forcément	O
réduite	O
malgré	O
tout	O
,	O
sous	O
l	O
'	O
enseigne	O
de	O
Centre	O
culturel	O
.	O

Il	O
ne	O
semble	O
pas	O
que	O
l	O
'	O
on	O
ait	O
souhaité	O
à	O
Thonon	O
s	O
'	O
affranchir	O
de	O
cette	O
officialité	O
,	O
ce	O
qui	O
était	O
du	O
même	O
coup	O
se	O
couper	O
des	O
moyens	O
financiers	O
.	O

.	O

En	O
revanche	O
,	O
la	O
Municipalité	O
de	O
Caen	O
,	O
mécontente	O
de	O
l	O
'	O
activité	O
de	O
Jo	O
Trehard	O
à	O
la	O
tête	O
de	O
la	O
Maison	O
de	O
la	O
culture	O
de	O
la	O
ville	O
(	O
Théâtre	O
national	O
de	O
Caen	O
)	O
,	O
a	O
souhaité	O
rompre	O
avec	O
cette	O
politique	O
approuvée	O
par	O
Paris	O
.	O

On	O
a	O
donc	O
municipalisé	O
la	O
«	O
maison	O
>	O
qui	O
pourra	O
offrir	O
au	O
public	O
le	O
répertoire	O
qu	O
'	O
il	O
aime	O
,	O
et	O
dont	O
il	O
était	O
privé	O
,	O
dit	O
-	O
on	O
,	O
au	O
profit	O
des	O
expériences	O
d	O
'	O
avant	O
-	O
garde	O
de	O
Trehard	O
.	O
Ce	O
dernier	O
garde	O
sa	O
compagnie	O
,	O
qui	O
devient	O
Centre	O
dramatique	O
et	O
rayonnera	O
comme	O
tel	O
à	O
travers	O
la	O
Normandie	O
.	O
La	O
danse	O
aux	O
Champs	O
-	O
Elysées	O
Le	O
Ballet	O
de	O
l	O
'	O
Opéra	O
de	O
Vienne	O
a	O
ouvert	O
le	O
Vie	O
Festival	O
international	O
de	O
danse	O
de	O
Paris	O
.	O
On	O
y	O
verra	O
notamment	O
,	O
dès	O
le	O
5	O
novembre	O
,	O
The	O
Dancer	O
Theater	O
of	O
Alwin	O
Nikoldis	O
,	O
troupe	O
américaine	O
dont	O
il	O
a	O
été	O
question	O
dans	O
notre	O
dernier	O
numéro	O
de	O
la	O
«	O
Gazette	O
littéraire	O
»	O
.	O

D	O
'	O
année	B-time
en	O
année	B-time
,	O
ce	O
festival	O
s	O
'	O
affirme	O
.	O

Innovation	O
:	O
chaque	O
compagnie	B-org
se	O
présente	O
au	O
cours	O
de	O
rences	O
-	O
démonstrations	O
qui	O
ont	O
lieu	O
en	O
fin	O
d	O
'	O
après	O
-	O
midi	O
,	O
avant	O
la	O
représentation	O
du	O
soir	O
.	O

Rétrospective	B-prod
pour	I-prod
un	I-prod
Américain	I-prod
Rauschcnberg	B-pers
est	O
l	O
'	O
artiste	O
du	O
mois	O
à	O
Paris	O
.	O

Alors	O
que	O
la	O
Galerie	B-org
Sonnabend	I-org
expose	O
cinquante	O
dessins	O
de	O
ce	O
genre	O
,	O
le	O
Musée	O
municipal	O
d	O
'	O
art	O
moderne	O
lui	O
consacre	O
une	O
importante	O
exposition	O
.	O

Rauschenberg	B-pers
est	O
le	O
premier	O
peintre	O
de	O
la	O
nouvelle	O
génération	O
américaine	O
à	O
bénéficier	O
d	O
'	O
une	O
rétrospective	O
dans	O
un	O
musée	O
parisien	O
.	O

En	O
sculpture	O
,	O
Calder	O
chez	O
Maeght	O
et	O
Stahly	O
à	O
la	O
Galerie	O
Speyers	O
.	O

Le	O
music	B-prod
-	I-prod
hall	I-prod
vaut	O
ce	O
que	O
valent	O
ses	O
vedettes	O
.	O

Au	O
théâtre	O
,	O
ce	O
sont	O
les	O
œuvres	O
qui	O
font	O
la	O
ligne	O
,	O
c	O
'	O
est	O
plus	O
sûr	O
tout	O
de	O
même	O
;	O
quand	O
les	O
Jouvet	O
s	O
'	O
en	O
vont	O
,	O
les	O
Giraudoux	O
restent	O
,	O
tandis	O
qu	O
'	O
au	O
music	O
-	O
hall	O
,	O
ce	O
sont	O
les	O
têtes	O
qui	O
font	O
la	O
loi	O
:	O
et	O
quand	O
Piaf	O
s	O
'	O
en	O
va	O
,	O
les	O
Raymond	O
Asso	O
s	O
'	O
en	O
vont	O
aussi	O
.	O

Raymond	B-pers
Asso	I-pers
vient	O
de	O
mourir	O
pour	O
de	O
bon	O
.	O

11	B-time
était	O
déjà	O
absent	O
.	O

Quant	O
à	O
l	O
'	O
actualité	O
,	O
après	O
Montand	O
sur	O
une	O
rive	O
(	O
Olympia	O
)	O
,	O
et	O
Gréco	O
sur	O
l	O
'	O
autre	O
(	O
Bobino	O
)	O
,	O
nous	O
redescendons	O
vers	O
les	O
marécages	O
.	O

Pierre	B-pers
Perret	I-pers
,	O
ça	O
vous	O
amuse	O
?	O

Georges	B-pers
Chelon	I-pers
,	O
ça	O
vous	O
transporte	O
?	O

Le	O
Promeneur	B-prod
de	I-prod
la	I-prod
Seine	I-prod
.	O

(	O
1	O
)	O
Tchou	B-org
,	O
éditeur	O
.	O

Avant	O
qu	O
'	O
il	O
soit	O
trop	O
tard	O
•	O
Dans	O
l	O
'	O
esprit	O
des	O
auteurs	O
de	O
cette	O
initiative	O
américaine	O
le	O
plan	O
égyptien	O
devrait	O
provoquer	O
une	O
réaction	O
israélienne	O
et	O
permettre	O
au	O
Gouvernement	O
américain	O
d	O
'	O
intervenir	O
en	O
vue	O
d	O
'	O
un	O
compromis	O
.	O

D	O
'	O
autre	O
part	O
le	O
Gouvernement	O
américain	O
s	O
'	O
efforce	O
par	O
la	O
voie	O
diplomatique	O
d	O
'	O
organiser	O
une	O
rencontre	O
au	O
mois	O
de	O
juillet	O
à	O
Londres	O
entre	O
M	O
.	O
Cyrus	O
Vance	O
et	O
les	O
ministres	O
des	O
Affaires	O
étrangères	O
d	O
'	O
Israël	O
et	O
d	O
'	O
Egypte	O
.	O

A	O
l	O
'	O
issue	O
de	O
cette	O
table	O
ronde	O
le	O
secrétaire	O
d	O
'	O
Etat	O
aurait	O
l	O
'	O
intention	O
de	O
se	O
rendre	O
au	O
Proche	O
-	O
Orient	O
où	O
il	O
effectuerait	O
une	O
série	O
de	O
navettes	O
entre	O
Jérusalem	O
et	O
Le	O
Caire	O
mais	O
où	O
il	O
visiterait	O
également	O
d	O
'	O
autres	O
pays	O
arabes	O
pour	O
tenter	O
de	O
les	O
persuader	O
de	O
se	O
joindre	O
aux	O
négociations	O
israélo	O
-	O
égyptiennes	O
.	O

De	O
New	B-loc
York	I-loc
:	O
Louis	B-pers
Wiznitzer	I-pers
En	O
revanche	O
le	O
Gouvernement	O
américain	B-org
a	O
décidé	O
de	O
ne	O
pas	O
présenter	O
,	O
du	O
moins	O
dans	O
l	O
'	O
immédiat	O
,	O
son	O
propre	O
plan	O
de	O
paix	O
«	O
pour	O
ne	O
pas	O
risquer	O
de	O
compromettre	O
le	O
prestige	O
des	O
Etats	O
-	O
Unis	O
»	O
,	O
affirme	O
en	O
privé	O
un	O
officiel	O
.	O

Mais	O
il	O
va	O
multiplier	O
ses	O
efforts	O
pour	O
sauver	O
l	O
'	O
initiative	O
de	O
M	O
.	O
Sadate	O
du	O
naufrage	O
.	O

Les	O
autorités	O
américaines	B-loc
estiment	O
que	O
l	O
'	O
impasse	O
actuelle	O
,	O
si	O
elle	O
se	O
prolongeait	O
,	O
déboucherait	O
rapidement	O
sur	O
une	O
situation	O
instable	O
et	O
peut	O
-	O
être	O
même	O
sur	O
une	O
nouvelle	O
guerre	O
.	O

«	O
Le	B-time
temps	I-time
ne	O
travaille	O
pas	O
en	O
faveur	O
de	O
la	O
paix	O
»	O
confie	O
un	O
diplomate	O
qui	O
est	O
depuis	O
longtemps	O
associé	O
à	O
la	O
médiation	O
américaine	B-org
.	O

Le	O
Gouvernement	B-org
américain	I-org
a	O
d	O
'	O
ailleurs	O
exprimé	O
publiquement	O
hier	O
sa	O
déception	O
en	O
raison	O
de	O
la	O
déclaration	O
faite	O
dimanche	O
dernier	O
par	O
le	O
Gouvernement	O
israélien	O
.	O

M	B-pers
.	I-pers
Holding	I-pers
Carter	I-pers
,	O
porte	O
-	O
parole	O
du	O
Département	O
d	O
'	O
Etat	O
,	O
a	O
déclaré	O
:	O
«	O
Nous	O
regrettons	O
que	O
les	O
réponses	O
israéliennes	O
n	O
'	O
aient	O
pas	O
complètement	O
répondu	O
à	O
nos	O
questions	O
.	O
»	O
De	O
son	O
côté	O
M	O
.	O
Javits	O
,	O
sénateur	O
de	O
New	O
York	O
juif	O
et	O
pro	O
-	O
israèlien	O
s	O
'	O
il	O
en	O
est	O
sur	O
le	O
Capitole	O
,	O
a	O
avoué	O
qu	O
'	O
il	O
était	O
«	O
déçu	O
»	O
et	O
que	O
«	O
le	O
Gouver	O
nement	O
américain	O
était	O
en	O
droit	O
de	O
recevoir	O
une	O
réponse	O
plus	O
positive	O
de	O
la	O
part	O
d	O
'	O
Israël	O
»	O
.	O

Dans	O
l	O
'	O
entourage	O
immédiat	O
de	O
M	O
.	O
Carter	O
la	O
réponse	O
de	O
M	O
.	O
Begin	O
a	O
déclenché	O
-	O
selon	O
une	O
source	O
digne	O
de	O
foi	O
-	O
«	O
des	O
colères	O
froides	O
»	O
.	O

Mais	O
le	O
président	B-pers
estime	O
qu	O
'	O
il	O
ne	O
servirait	O
à	O
rien	O
en	O
ce	O
moment	O
de	O
récriminer	O
en	O
public	O
.	O

Les	O
officiels	O
refusent	O
de	O
décrire	O
les	O
pressions	O
que	O
les	O
USA	B-loc
seraient	O
disposés	O
à	O
exercer	O
sur	O
Israël	B-loc
mais	O
selon	O
le	O
nouveau	O
scénario	O
américain	O
appelant	O
un	O
plan	O
égyptien	B-org
sur	O
la	O
Cisjordanie	B-loc
et	O
Gaza	B-loc
permettrait	O
à	O
Israël	B-loc
de	O
prendre	O
connaissance	O
des	O
dispositifs	O
concernant	O
sa	O
sécurité	O
,	O
tels	O
que	O
le	O
propose	O
l	O
'	O
Egypte	O
,	O
d	O
'	O
en	O
tenir	O
compte	O
,	O
et	O
surtout	O
de	O
cesser	O
de	O
camper	O
sur	O
des	O
positions	O
dilatoires	O
.	O

Des	O
contrepropositions	O
israéliennes	B-loc
permettraient	O
aux	O
Etats	B-org
-	I-org
Unis	I-org
de	O
remettre	O
d	O
'	O
une	O
part	O
en	O
mouvement	O
la	O
négociation	O
et	O
ipso	O
facto	O
de	O
donner	O
du	O
battement	O
à	O
M	O
.	O
Sadate	O
;	O
d	O
'	O
amener	O
de	O
l	O
'	O
autre	O
le	O
roi	O
Hussein	O
à	O
la	O
table	O
des	O
négociations	O
.	O

Le	O
recours	O
à	O
cette	O
stratégie	O
exige	O
une	O
dose	O
solide	O
d	O
'	O
optimisme	O
mais	O
,	O
avoue	O
la	O
lité	O
citée	O
ci	O
-	O
dessus	O
,	O
«	O
nous	O
n	O
'	O
avons	O
pas	O
le	O
choix	O
»	O
.	O

J	O
3	O
ENÈVE	O
Nastassia	B-pers
Kinski	I-pers
:	O
Permis	O
de	O
travail	O
refusé	O
(	O
ATS	B-org
)	O
.	O

-	O
L'<pers>actrice	O
'	O
actrice	O
Nastassia	O
Kinski	I-pers
ne	O
pourra	O
pas	O
s	O
'	O
établir	O
à	O
Genève	O
avec	O
sa	O
famille	O
et	O
y	O
créer	O
la	O
société	O
Leila	O
Film	O
SA	O
.	O

destinée	O
à	O
coproduire	O
et	O
à	O
promouvoir	O
un	O
film	B-prod
çant	O
la	O
vie	O
d	O
'	O
Henri	O
Dunant	O
,	O
fondateur	O
de	O
la	O
Croix	O
-	O
Rouge	O
.	O

Le	O
Conseil	B-org
d	I-org
'	O
Etat	O
genevois	I-org
a	O
en	O
effet	O
décidé	O
mardi	B-time
de	O
ne	O
pas	O
octroyer	O
d	O
'	O
autorisation	O
de	O
séjour	O
et	O
de	O
permis	O
de	O
travail	O
à	O
Nastassia	O
Kinski	O
,	O
estimant	O
que	O
«	O
l	O
'	O
intérêt	O
économique	O
de	O
cette	O
demande	O
était	O
limité	O
»	O
.	O

En	O
octobre	B-time
dernier	I-time
,	O
l	O
'	O
actrice	O
dépose	O
un	O
dossier	O
complet	O
auprès	O
du	O
contrôle	O
de	O
l	O
'	O
habitant	O
.	O

A	O
l	O
'	O
appui	O
de	O
sa	O
demande	O
,	O
Nastassia	O
Kinski	O
fait	O
valoir	O
que	O
lors	O
de	O
la	O
naissance	O
de	O
son	O
second	O
enfant	O
,	O
elle	O
a	O
séjourné	O
à	O
Genève	O
où	O
elle	O
a	O
noué	O
de	O
nombreuses	O
attaches	O
.	O

Nastassia	B-pers
Kinski	I-pers
s	O
'	O
intéresse	O
également	O
à	O
l	O
'	O
action	O
humanitaire	O
du	O
Comité	O
International	O
de	O
la	O
Croix	O
-	O
Rouge	O
(	O
CICR	O
)	O
.	O

Le	O
Conseil	B-org
d	O
'	O
Etat	O
a	O
rejeté	O
mardi	O
ce	O
recours	O
.	O

Il	O
relève	O
que	O
le	O
contingent	O
des	O
travailleurs	O
à	O
l	O
'	O
année	O
est	O
peu	O
élevé	O
et	O
que	O
les	O
permis	O
à	O
disposition	O
sont	O
réservés	O
aux	O
projets	O
offrant	O
des	O
possibilités	O
de	O
développements	O
importants	O
pour	O
l	O
'	O
économie	O
genevoise	O
,	O
soit	O
par	O
la	O
création	O
ou	O
la	O
sauvegarde	O
d	O
'	O
emplois	O
,	O
soit	O
par	O
l	O
'	O
apport	O
de	O
nouvelles	O
activités	O
de	O
pointe	O
,	O
soit	O
enfin	O
par	O
la	O
revitalisation	O
d	O
'	O
enreprises	O
en	O
difficulté	O
.	O

_	O
Nouvelles	O
étrangères	O
FRANCE	B-loc
Tué	O
dans	O
la	O
rue	O
.	O

Mercredi	B-time
,	O
vers	O
dix	O
heures	O
du	O
soir	O
,	O
un	O
Pa	O
!	O

-	O
irisien	B-loc
,	O
à	O
l	O
'	O
angle	O
de	O
la	O
rue	O
du	O
Temple	O
et	O
de	O
la	O
rue	O
Notre	O
-	O
Dame	O
-	O
de	O
-	O
Nazareth	O
,	O
fut	O
pris	O
à	O
partie	O
par	O
plusieurs	O
individus	O
qui	O
lui	O
cherchèrent	O
querelle	O
.	O

La	O
,	O
dispute	O
s	O
'	O
envenima	O
et	O
bientôt	O
le	O
passant	O
,	O
un	O
jeune	O
homme	O
de	O
dixhuit	O
à	O
vingt	O
ans	O
,	O
s	O
'	O
affaissait	O
en	O
poussant	O
un	O
cri	O
de	O
douleur	O
.	O

Il	O
avait	O
reçu	O
un	O
coup	O
de	O
couteau	O
dans	O
le	O
ventre	O
.	O

Le	O
blessé	O
fut	O
transporté	O
à	O
l	B-loc
l'<loc>hôpital	O
hôpital	I-loc
Saint	I-loc
-	O
Louis	I-loc
.	O

Des	O
papiers	O
trouvés	O
sur	O
lui	O
laissent	O
supposer	O
qu	O
'	O
il	O
s	O
'	O
agit	O
d	O
'	O
un	O
nommé	O
Guillard	O
.	O

Mais	O
le	O
malheureux	O
est	O
mort	O
sans	O
pouvoir	O
donner	O
aucune	O
indication	O
sur	O
lui	O
ni	O
sur	O
ses	O
agresseurs	O
,	O
qui	O
avaient	O
pris	O
immédiatement	O
la	O
fuite	O
.	O

ALLEMAGNE	B-loc
Retiré	O
des	O
affaires	O
.	O

De	O
'	O
Magdebourg	B-loc
,	O
on	O
signale	O
la	O
mort	O
de	O
Paul	O
Reindel	O
,	O
ancien	O
exécuteur	O
des	O
hautes	O
œuvres	O
pour	O
la	O
Prusse	O
occidentale	O
.	O
Depuis	O
cinq	O
ans	O
,	O
il	O
s	O
'	O
était	O
retiré	O
des	O
«	O
affaires	O
»	O
et	O
,	O
dans	O
le	O
village	O
de	O
la	O
banlieue	O
où	O
il	O
jouissait	O
de	O
sa	O
retraite	O
,	O
nul	O
n	O
'	O
a	O
soupçonné	O
jusqu	O
'	O
au	O
dernier	O
jour	O
que	O
«	O
M	O
.	O
Paul	O
»	O
,	O
un	O
homme	O
à	O
l	O
'	O
aspect	O
vénérable	O
et	O
fanatique	O
pêcheur	O
à	O
la	O
ligne	O
,	O
était	O
un	O
ancien	O
bourreau	O
.	O

Reindel	B-pers
,	O
dans	O
le	O
coUris	O
de	O
son	O
'	O
existence	O
officielle	O
,	O
a	O
expédié	O
soixante	O
-	O
seize	O
né	O
.	O

dM	O
_	O
l	O
'	O
_	O
aufee	O
_	O
mflftdft	O
U	O
•	O
«	O
.	O
_	O
_	O
_	O
mit	O
»	O
fiflr	O
ooffig	O
âV	O
»	O
la	O
_	O
blselie	O
é	O
.	O

le	O
billot	O
,	O
ufi	O
mode	O
d	O
'	O
exécution	O
qui	O
n	O
'	O
est	O
plus	O
guère	O
employé	O
eu	O
Allemagne	O
que	O
pas	O
iJKeaz	O
Schwietz	O
,	O
le	O
bour	O
,	O
-	O
ijeau	O
de	O
Br	O
eslasi	O
.	O

_	O
Piappi	B-pers
les	O
pliante	O
fameux	O
de	O
Reindel	B-pers
_	O
figurjal	O
la	O
femme	O
_	O
JVie	B-pers
&	O
e	O
,	O
l	O
'	O
horrible	O
mégère	O
de	O
Hambour	O
'	O
g	O
,	O
qui	O
assassina	O
une	O
vingtaine	O
d	O
'	O
enfents	O
confiés	O
à	O
_	O
jses	O
soins	O
mercenaires	O
.	O

"	O
Ce	O
fut	O
lui	O
également	O
qui	O
exécuta	O
Mailau	B-pers
,	O
cet	O
employé	O
de	O
la	O
ville	O
d	O
'	O
Altona	O
,	O
qui	O
avait	O
assassiné	O
un	O
facteur	O
des	O
postes	O
pour	O
le	O
dépouiller	O
,	O
et	O
qui	O
tua	O
à	O
coups	O
de	O
revolver	O
deux	O
agents	O
venus	O
pour	O
_	O
,	O
l	O
'	O
arrêter	O
.	O

RUSSIE	O
A	O
l	O
'	O
assaut	O
des	O
roubles	O
.	O

On	O
donne	O
les	O
détails	O
suivante	O
sur	O
l	O
'	O
aïfcajque	O
'	O
du	O
train	O
-	O
poste	O
de	O
Bosdani	O
:	O
Quelques	O
instants	O
avant	O
l	O
'	O
arrivée	O
du	O
train	O
'	O
,	O
;	O
une	O
vingtaine	O
,	O
de	O
jeunes	O
gens	O
firent	O
irruption	O
dans	O
la	O
gare	O
.	O

En	O
quelques	O
minutes	O
,	O
le	O
gendarme	O
d	O
e	O
garde	O
dans	O
la	O
gare	O
fut	O
tué	O
,	O
tout	O
lé	O
personnel	O
|	O
ait	O
prisonfiier	O
,	O
les	O
communications	O
télégraphiques	O
coupées	O
.	O

Lorsque	O
le	O
train	B-prod
parut	O
,	O
plusieurs	O
bombes	O
furent	O
lancées	O
sur	O
!	O
les	O
rails	O
,	O
ce	O
qui	O
le	O
força	O
à	O
faire	O
halte	O
.	O

Quatre	O
soldats	B-pers
et	O
deux	O
gardes	B-pers
-	I-pers
champêtres	I-pers
,	O
qui	O
accompagnaient	O
le	O
wagon	O
-	O
poste	O
,	O
sautèrent	O
à	O
bas	O
du	O
train	O
.	O

Quatre	O
d	O
'	O
entre	O
eux	O
furent	O
immédiatement	O
tués	O
à	O
coups	O
de	O
feu	O
,	O
les	O
deux	O
autres	O
se	O
rendirent	O
.	O

Les	O
brigands	O
contraignirent	O
les	O
employés	O
de	O
la	O
poste	B-org
à	O
leur	O
livrer	O
les	O
paquets	O
de	O
valeur	O
,	O
au	O
sujet	O
desquels	O
ils	O
possédaient	O
évidemment	O
les	O
renseignements	O
les	O
plus	O
précis	O
.	O

Pendant	O
ce	O
temps	O
le	O
train	O
était	O
bombardé	O
continuellement	O
à	O
l	O
'	O
aide	O
de	O
pistolets	O
Browning	O
et	O
de	O
fusils	O
Mauseï	O
;	O
.	O

Dans	O
lé	O
wagon	O
de	O
première	O
classe	O
,	O
foutes	O
les	O
vitres	O
furent	O
brisées	O
;	O
les	O
voyageurs	O
n	O
'	O
Osaient	O
pas	O
bouger	O
;	O
plusieurs	O
d	O
'	O
entre	O
eux	O
furent	O
blessés	O
,	O
mais	O
légèrement	O
.	O

Pour	O
augmenter	O
l	O
'	O
effet	O
de	O
terreur	O
,	O
les	O
bandits	O
avaient	O
semé	O
de	O
_	O
pétards	O
les	O
rails	O
;	O
toute	O
la	O
gare	O
était	O
remplie	O
de	O
fumée	O
.	O

Toute	O
l	O
'	O
affaire	O
dura	O
à	O
peine	O
(	O
trois	O
quarts	O
d	O
'	O
heure	O
.	O

Trente	B-time
-	I-time
neuf	I-time
des	O
.	O

malfaiteurs	O
ont	O
été	O
rêtés	O
à	O
Vilna	B-loc
.	O

La	O
plupart	O
d	O
'	O
entre	O
eux	O
portaient	O
l	O
'	O
uniforme	O
des	O
employés	O
de	O
chemins	O
de	O
fer	O
.	O

JJn	O
des	O
chefs	O
de	O
la	O
bande	O
a	O
essayé	O
de	O
tuer	O
_	O
,	O
le	O
gendarme	O
qui	O
l	O
'	O
arrêtait	O
,	O
mais	O
oe	O
dernier	O
parvint	O
à	O
lui	O
arracher	O
son	O
revolver	O
.	O

Parmi	O
les	O
objets	O
qui	O
se	O
trouvaient	O
dans	O
le	O
train	O
,	O
il	O
y	O
avait	O
des	O
billets	O
lie	O
crédit	O
,	O
au	O
.	O

montant	O
de	O
1,800,000	B-prod
roubles	I-prod
.	O

Les	O
valeurs	O
n	O
'	O
ont	O
pas	O
été	O
touchées	O
,	O
non	O
plus	O
que	O
l	O
'	O
argent	O
monnayé	O
.	O

Le	O
montant	O
total	O
du	O
vol	O
est	O
encore	O
jnconnu	O
.	O

On	O
croit	O
qu	O
'	O
il	O
est	O
de	O
250,000	O
francs	O
.	O

,	O
Six	O
Tcharkesses	B-loc
,	O
qui	O
s	O
'	O
étaient	O
indroduits	O
dans	O
le	O
bureau	O
de	O
poste	O
de	O
Soboline	O
pendant	O
que	O
leurs	O
compagnons	O
le	O
cernaient	O
et	O
tiraient	O
des	O
coups	O
de	O
feu	O
,	O
ont	O
volé	O
de	O
l	O
'	O
or	O
qui	O
avait	O
été	O
apporté	O
par	O
les	O
employés	O
des	O
établissements	O
où	O
on	O
lave	O
ce	O
métal	O
et	O
qui	O
avait	O
une	O
valeur	O
de	O
plus	O
de	O
23,000	O
roubles	O
.	O

Ils	O
ont	O
(	O
pris	O
eu	O
outre	O
50,000	B-prod
roubles	I-prod
en	O
espèces	O
.	O

Quand	O
on	O
a	O
le	O
choléra	B-prod
.	O

Le	O
premier	O
symptôme	O
du	O
choléra	B-prod
consiste	O
dans	O
la	O
diarrhée	O
Elle	O
ne	O
s	O
'	O
accompagne	O
d	O
'	O
aucune	O
colique	O
.	O

Le	O
malade	B-pers
se	O
trouve	O
seulement	O
très	O
abattu	O
.	O

Au	O
bout	O
de	O
quelques	O
heures	O
,	O
la	O
diarrhée	O
devient	O
continuelle	O
.	O

Au	O
milieu	O
du	O
liquide	O
incolore	O
se	O
montrent	O
des	O
flocons	O
blanchâtres	O
ressemblant	O
à	O
du	O
riz	B-prod
.	O

Des	O
vomissements	O
apparaissent	O
.	O

La	O
soif	O
est	O
intense	O
,	O
l	O
'	O
abdomen	O
se	O
creuse	O
;	O
l	O
'	O
amaigrissement	O
se	O
produit	O
presque	O
à	O
vue	O
d	O
'	O
œil	O
.	O

lies	O
extrémités	O
se	O
refroidissent	O
rapidement	O
Le	O
malade	O
gouffre	O
peu	O
,	O
si	O
ce	O
n	O
'	O
est	O
de	O
crampes	O
dans	O
les	O
membres	O
.	O

Le	O
thermomètre	B-prod
accuse	O
une	O
très	O
haute	O
température	O
à	O
l	O
'	O
intérieur	O
du	O
corps	O
,	O
tandis	O
que	O
la	O
peau	O
,	O
au	O
contraire	O
,	O
est	O
glacée	O
.	O

La	O
respiration	O
devient	O
pénible	O
.	O

Le	O
malade	B-pers
tombe	O
dans	O
le	O
coma	O
.	O

Enfin	O
la	O
mort	O
survient	O
après	O
un	O
délai	O
variant	O
de	O
quatre	O
à	O
quarante	O
-	O
huit	O
heuses	B-time
.	O

ANGLETERRE	B-loc
Bavardage	O
et	O
mariage	O
.	O

Un	O
journal	B-prod
.	O

anglais	B-loc
,	O
le	O
«	O
Daily	O
_	O
Express	O
»	O
,	O
publie	O
les	O
résultats	O
[	O
d	O
'	O
une	O
enquête	O
amusante	O
sur	O
,	O
la	O
question	O
suivante	O
.	O

:	O
«	O
Pourquoi	O
y	O
a	O
-	O
til	O
tant	O
de	O
mariages	O
qui	O
tournent	O
mal	O
?	O

.	O
.	O
.	O

Et	O
savez	O
-	O
vous	O
une	O
des	O
raisons	O
principales	O
,	O
?	O

Devinez	O
,	O
:	O
le	O
.	O

bavardage	O
de	O
la	O
conjointe	B-pers
.	O

Les	O
femmes	O
parlent	O
trop	O
—	O
en	O
Angleterre	B-loc
.	O

Elles	O
assomment	O
leur	O
,	O
mari	O
en	O
le	O
tenant	O
au	O
courant	O
des	O
_	O
pulle	O
et	O
deux	O
détails	O
du	O
ménage	O
;	O
elles	O
sont	O
ibi	O
,	O
en	O
ennuyeuses	O
.	O

Le	O
mari	O
,	O
qui	O
ne	O
trouve	O
pas	O
chez	O
lui	O
le	O
repos	O
espéré	O
s	O
'	O
en	O
va	O
au	O
club	O
.	O

Et	O
,	O
de	O
fil	O
en	O
aiguille	O
,	O
arrive	O
l	O
'	O
éloignement	O
,	O
l	O
'	O
inimité	O
,	O
la	O
désunion	O
,	O
le	O
divorce	O
.	O

\	O
Il	O
semble	O
qu	O
'	O
il	B-pers
.	O

y	O
ait	O
pas	O
mal	O
d	O
'	O
.	O
.	O
.	O

Anglaises	B-loc
sur	O
le	O
continent	O
,	O
_	O
^	O
et	O
nous	O
souhaiterions	O
qu	O
'	O
elles	O
lussent	O
ces	O
dignes	O
,	O
pour	O
qu	O
'	O
elles	O
_	O
apprissent	O
à	O
»	O
sie	O
.	O

taire	O
aux	O
heures	O
où	O
il	O
est	O
séant	O
de	O
ne	O
point	O
parier	O
.	O
.	O
.	O

En	O
tout	O
cas	O
,	O
les	O
résultats	O
de	O
l	O
'	O
enquête	O
du	O
«	O
Daily	O
Express	O
»	O
gont	O
.	O

formels	O
;	O
ils	O
peuvent	O
ee	O
résumer	O
par	O
_	O
jees	O
mots	O
:	O
«	O
Ta	O
.	O
.	O
.	O
bouche	O
!	O
.	O
.	O
.	O
»	O
Miags	O
il	O
y	O
a	O
des	O
femmes	O
—	O
et	O
ça	O
se	O
voit	O
fréquemment	O
T	O
-	O
qui	O
p	O
_	O
é	O
_	O
èrar	O
.	O

ojit	O
le	O
divorce	O
au	O
_	O
«	O
l	B-loc
.	O

_	O
_	O
ac	O
_	O
_	O
M	B-prod
La	I-prod
vengeance	I-prod
du	I-prod
milliardaire	I-prod
.	O

Une	O
banque	O
de	O
New	B-loc
-	I-loc
York	I-loc
a	O
refusé	O
S	B-org
M	I-org
!	O

.	O

Pierpont	B-pers
Morgan	I-pers
,	O
le	O
célèbre	O
milliarc	O
aire	O
américain	O
,	O
un	O
chèque	O
signé	O
de	O
lui	O
en	O
paiement	O
d	O
'	O
une	O
forte	O
somme	O
.	O

Cet	O
incident	O
en	O
rappelle	O
un	O
semblable	O
.	O

Eài	B-time
1870	I-time
,	O
le	O
baron	O
James	O
de	O
Rothschild	O
se	O
présentait	O
à	O
la	O
Banque	O
d	O
'	O
Angleterre	O
pour	O
se	O
venger	O
d	O
'	O
un	O
pareÛ	O
refus	O
,	O
et	O
exigea	O
le	O
remboursement	O
en	O
or	O
d	O
'	O
une	O
grosse	O
liasse	O
de	O
billets	O
de	O
1000	O
.	O

livres	B-prod
.	O

Le	O
lendemain	O
,	O
il	O
recommença	O
.	O

Il	O
avait	O
bientôt	O
fait	O
sortir	O
de	O
la	O
Banque	B-org
la	O
somme	O
rondelette	O
de	O
400	O
millions	O
.	O

La	O
Banque	B-org
constata	O
avec	O
terreur	O
la	O
.	O

diminution	O
de	O
son	O
encaisse	O
métallique	O
et	O
elle	O
fit	O
au	O
banquier	B-pers
de	O
plates	O
excuses	O
,	O
lui	O
promettant	O
d	O
'	O
accepter	O
tous	O
ses	O
chèques	O
.	O

Cn	O
rfei	O
plaisante	O
pas	O
avec	O
ces	O
messieurs	O
.	O

REVUE	B-prod
PU	I-prod
JOUR	I-prod
_	O
Les	O
Allemands	B-loc
vont	O
-	O
ils	O
entrer	O
en	O
Tchécoslovaquie	B-loc
?	O

Le	O
général	B-pers
tchèque	I-pers
Sirovy	I-pers
(	O
au	O
centre	O
)	O
,	O
qui	O
préside	O
le	O
nouveau	O
Cabinet	O
de	O
Prague	O
La	O
Chaux	O
-	O
de	O
-	O
Fonds	O
,	O
le	O
23	O
septembre	O
.	O

On	O
affirmait	O
hier	O
à	O
Godesberg	B-loc
que	O
l	O
'	O
entrée	O
des	O
troupes	O
allemandes	O
et	O
l	O
'	O
occupation	O
du	O
territoire	O
sudète	O
sur	O
une	O
profondeur	O
de	O
14	O
km	O
.	O

auraient	O
certainement	O
lieu	O
dans	O
la	O
journée	O
de	O
samedi	B-time
.	O

En	O
même	O
temps	O
une	O
dépêche	O
de	O
Berlin	B-loc
annonçait	O
l	O
'	O
entrée	O
en	O
action	O
imminente	O
des	O
corps	O
francs	O
.	O

Ainsi	O
se	O
développerait	O
en	O
marge	O
même	O
des	O
conversations	O
une	O
situation	O
aui	O
les	O
dépasserait	O
avant	O
Qu	O
'	O
une	O
décision	O
soit	O
prise	O
ou	O
Qu	O
'	O
un	O
accord	O
soit	O
atteint	O
.	O

Cest	O
sans	O
doute	O
pourquoi	O
de	O
son	O
côté	O
Prague	B-loc
a	O
pris	O
des	O
mesures	O
immédiates	O
de	O
précaution	O

:	O
1	O
.	O
Constitution	O
d	O
'	O
un	O
gouvernement	O
militaire	O
présidé	O
par	O
le	O
général	O
Sirovy	O

;	O
2	O
.	O
Réoccupation	O
par	O
l	O
'	O
armée	O
des	O
territoires	O
voisins	O
de	O
la	O
frontière	O
allemande	O
.	O

La	O
radio	O
et	O
la	O
presse	O
du	O
Reich	B-loc
invoquent	O
il	O
est	O
vrai	O
ces	O
mesures	O
pour	O
prétendre	O
que	O
Prague	B-loc
n	O
'	O
est	O
plus	O
maîtresse	O
de	O
la	O
situation	O
et	O
qu	O
'	O
on	O
marche	O
à	O
un	O
complet	O
drement	O
de	O
la	O
monnaie	O
et	O
de	O
la	O
vie	O
économique	O
tchèQues	O
.	O

Hitler	B-pers
veut	O
précipiter	O
les	O
événements	O
.	O

Il	O
s	O
'	O
agit	O
de	O
battre	O
le	O
fer	O
pendant	O
qu	O
'	O
il	O
est	O
chaud	O
.	O

Et	O
peut	O
-	O
être	O
aussi	O
d	O
'	O
éviter	O
un	O
brusQue	O
retournement	O
de	O
la	O
situation	O
.	O

Les	O
entrevues	O
de	O
Godesberg	B-loc
y	O
En	O
effet	O
.	O

Tout	O
ce	O
qu	O
'	O
on	O
sait	O
des	O
conversations	O
de	O
Godesberg	O
est	O
singulièrement	O
embrouillé	O
et	O
contradictoire	O
.	O

Selon	O
les	O
uns	O
l	O
'	O
optimisme	O
régnerait	O
et	O
les	O
Allemands	O
auraient	O
dit	O
.	O

—	O
M	B-pers
.	I-pers
Chamberlain	I-pers
ne	O
rentrera	O
pas	O
à	O
Londres	B-loc
les	O
mains	O
vides	O
.	O

Selon	O
les	O
autres	O
,	O
le	O
chancelier	O
Hitler	O
aurait	O
refusé	O
de	O
signer	O
conjointement	O
avec	O
le	O
Premier	O
anglais	O
un	O
appel	O
au	O
calme	O
pour	O
les	O
populations	O
de	O
Tchécoslovaquie	O
.	O

A	O
en	O
croire	O
l	O
'	O
«	O
Oeuvre	O
»	O
,	O
le	O
Fuhrer	O
aurait	O
réclamé	O
le	O
droit	O
de	O
faire	O
entrer	O
ses	O
troupes	O
dès	O
aujourd	O
'	O
hui	O
vendredi	O
en	O
territoire	O
sudète	O
,	O
sur	O
une	O
profondeur	O
de	O
14	O
km	O
.	O

D	O
'	O
autre	O
part	O
,	O
Hitler	O
ne	O
donnera	O
aucune	O
garantie	O
pour	O
ce	O
qui	O
concerne	O
les	O
frontières	O
du	O
nouvel	O
Etat	O
tchécoslovaques	O
si	O
elles	O
ne	O
sont	O
également	O
garanties	O
par	O
les	O
Etats	O
limitrophes	O
,	O
Qui	O
ont	O
aussi	O
des	O
revendications	O
à	O
faire	O
valoir	O
vis	O
-	O
à	O
-	O
vis	O
de	O
Prague	O
.	O

Cela	O
signifie	O
que	O
les	O
frontières	O
tchécoslovaques	B-loc
ne	O
seront	O
garanties	O
Que	O
le	O
jour	O
où	O
les	O
minorités	O
polonaises	B-loc
et	O
magyares	B-loc
auront	O
été	O
rattachées	O
,	O
elles	O
aussi	O
,	O
d	O
Varsovie	O
et	O
a	O
Budapest	O
.	O

Par	O
ailleurs	O
nombre	O
de	O
journaux	O
soulignent	O
qu	O
'	O
en	O
l	O
'	O
absence	O
de	O
tout	O
communiqué	O
,	O
on	O
nage	O
en	O
pleine	O
incertitude	O
et	O
que	O
la	O
question	O
tchécoslovaque	O
peut	O
rebondir	O
d	O
'	O
un	O
instant	O
à	O
l	O
'	O
autre	O
aussi	O
bien	O
sous	O
son	O
aspect	O
intérieur	O
qu	O
'	O
International	O
.	O

A	O
Londres	B-loc
,	O
en	O
effet	O
,	O
on	O
estime	O
Que	O
si	O
la	O
IJgation	O
britannique	O
à	O
Prague	O
a	O
fai	O
t	O
évacuer	O
les	O
femmes	O
et	O
les	O
enfants	O
,	O
cela	O
veut	O
dire	O
qu	O
'	O
il	O
ne	O
serait	O
pas	O
prudent	O
d	O
'	O
écarter	O
l	O
'	O
éventualité	O
mie	O
les	O
25	O
divisions	O
allemandes	O
massées	O
autour	O
de	O
la	O
frontière	O
,	O
reçoivent	O
l	O
'	O
ordre	O
de	O
passer	O
en	O
territoire	O
tchécoslovaque	O
.	O

Dans	O
ce	O
cas	O
un	O
des	O
plans	O
de	O
l'<loc>êtat	O
'	O
êtat	O
-	O
ma	O
-	O
}	O
or	O
allemand	I-loc
prévoit	O
l	O
'	O
occupation	O
de	O
Prague	O
afin	O
d	O
'	O
imposer	O
un	O
gouvernement	O
tchèque	O
composé	O
de	O
personnalités	O
sympathiques	O
au	O
régime	O
et	O
à	O
la	O
nhilosonhie	O
nationale	O
-	O
socialiste	O
.	O

De	O
son	O
côté	O
.	O

l	O
'	O
«	O
Epoque	O
»	O
répliQue	O
:	O
«	O
.	O
Est	O
-	O
ce	O
qu	O
'	O
on	O
abandonne	O
un	O
petit	O
peuple	O
allié	O
que	O
la	O
nature	O
avait	O
placé	O
à	O
l	O
'	O
un	O
des	O
points	O
stratégiques	O
de	O
l	O
'	O
Europe	O
?	O
Est	O
-	O
ce	O
qifon	O
livre	O
sans	O
combat	O
uhe	O
forteresse	O
naturelle	O
,	O
défendue	O
par	O
500,000	O
soldats	O
_	O
hêroïqms	O
et	O
la	O
seule	O
plate	O
-	O
forme	O
aérienne	O
d	O
'	O
où	O
l	O
'	O
on	O
puisse	O
répondre	O
sur	O
Berlin	O
,	O
sur	O
Vienne	O
,	O
sur	O
Breslau	O
.	O
sur	O
Trieste	O
aux	O
coups	O
que	O
pourrait	O
recevoir	O
Paris	O
?	O
Est	O
-	O
ce	O
Que	O
l	O
'	O
on	O
renie	O
mille	O
ans	O
de	O
notre	O
histoire	O
héroïque	O
?	O
Est	O
-	O
ce	O
qu	O
'	O
on	O
livre	O
l	O
'	O
Europe	O
à	O
l	O
'	O
Allemagne	O
quand	O
le	O
_	O
chef	O
le	O
plus	O
haut	O
placé	O
de	O
l	O
'	O
armée	O
française	O
vient	O
de	O
dire	O
au	O
ministre	O
des	O
affaires	O
étrangères	O
sa	O
confiance	O
dans	O
la	O
victoire	O
pour	O
le	O
cas	O
où	O
la	O
guerre	O
éclaterait	O
?	O
»	O
Enfin	O
le	O
«	O
Journal	O
»	O
apporte	O
l	O
'	O
écho	O
inattendu	O
d	O
'	O
une	O
rivalité	O
ttalo	O
-	O
allemande	O
.	O

Les	O
Polonais	B-loc
et	O
les	O
Hongrois	B-loc
seraient	O
soutenus	O
par	O
Rome	B-loc
qui	O
rêve	O
de	O
constituer	O
avec	O
eux	O
une	O
alliance	O
pour	O
contenir	O
les	O
Allemands	B-loc
.	O

Par	O
contre	O
,	O
le	O
Reich	O
veut	O
maintenir	O
la	O
Tchécoslovaquie	O
entière	O
sous	O
son	O
influence	O
pour	O
garder	O
le	O
contact	O
avec	O
la	O
Roumanie	O
,	O
son	O
blé	O
.	O

ses	O
pétroles	B-prod
.	O
.	O
.	O

Ainsi	O
la	O
politique	O
d	O
'	O
équilibre	O
renaîtrait	O
au	O
moment	O
où	O
on	O
la	O
croit	O
disparue	O
.	O
.	O
.	O

Tels	O
sont	O
les	O
aspects	O
plutôt	O
troubles	O
et	O
incertains	O
qui	O
se	O
dégagent	O
à	O
la	O
fois	O
des	O
négociations	O
défendues	O
par	O
le	O
huis	O
-	O
clos	O
et	O
des	O
faits	O
que	O
chaque	O
agence	B-org
raconte	O
à	O
sa	O
manière	O
.	O
.	O
.	O

P	B-pers
.	O

.	O

Bienvenue	O
à	O
M	B-pers
.	I-pers
Paul	I-pers
CHAUDET	I-pers
Conseiller	O
fédéral	O
JTour	B-org
célébrer	O
,	O
comme	O
il	O
en	O
a	O
la	O
coutume	O
,	O
l	O
'	O
anniversaire	O
de	O
la	O
blique	O
neuchâteloise	O
,	O
c	O
'	O
est	O
à	O
un	O
Vaudois	O
de	O
bonne	O
souche	O
que	O
le	O
"	O
Cërcîè	O
~	O
"	O
_	O
_	O
-	O
.	O

"	O
Sapin	B-pers
a	O
fait	O
,	O
cette	O
année	O
,	O
appel	O
.	O

M	B-pers
.	I-pers
Paul	I-pers
Chaudet	I-pers
sera	O
en	O
effet	O
,	O
ce	O
soir	O
,	O
l	O
'	O
orateur	O
officiel	O
du	O
Cercle	O
.	O

Ce	O
n	O
'	O
est	O
pas	O
la	O
première	O
fois	O
qu	O
'	O
un	O
conseiller	O
fédéral	O
est	O
l	O
'	O
hôte	O
du	O
Sapin	O
.	O

Qui	O
parcourt	O
son	O
livre	O
d	O
'	O
or	O
y	O
trouve	O
la	O
signature	O
de	O
plusieurs	O
de	O
nos	O
hommes	O
d	O
'	O
Etat	O
,	O
de	O
Giuseppe	O
Motta	O
à	O
Rodolphe	O
Rubattel	O
,	O
d	O
'	O
Edmond	O
Schulthess	O
à	O
Max	O
_	O
Petitnierre	O
.	O

Devant	O
un	O
auditoire	O
qui	O
se	O
réjouit	O
de	O
l	O
'	O
entendre	O
,	O
M	O
.	O
Paul	O
Chaudet	O
abordera	O
quelques	O
-	O
uns	O
des	O
nombreux	O
problèmes	O
qui	O
se	O
posent	O
,	O
à	O
l	O
'	O
heure	O
actuelle	O
,	O
au	O
Département	O
militaire	O
fédéral	O
.	O

Il	O
les	O
traitera	O
avec	O
ce	O
sens	O
aigu	O
des	O
responsabilités	O
qui	O
est	O
le	O
sien	O
,	O
avec	O
cette	O
recherche	O
dé	O
^	O
'	O
objectivité	O
,	O
aussi	O
dont	O
il	O
fait	O
montre	O
dans	O
chacune	O
de	O
ses	O
interventions	O
.	O

Sans	O
vouloir	O
se	O
dissimuler	O
à	O
lui	O
-	O
même	O
,	O
ni	O
cacher	O
à	O
ceux	O
qui	O
l	O
'	O
écoutent	O
les	O
difficultés	O
qu	O
'	O
il	O
rencontre	O
sur	O
sa	O
route	O
,	O
M	O
.	O
Chaudet	O
dira	O
,	O
avec	O
la	O
conviction	O
qui	O
le	O
caractérise	O
,	O
les	O
raisons	O
profondes	O
que	O
le	O
peuple	O
suisse	O
a	O
de	O
poursuivre	O
son	O
effort	O
—	O
souvent	O
mal	O
compris	O
—	O
pour	O
la	O
défense	O
nationale	O
.	O

Nous	O
nous	O
permettons	O
de	O
souhaiter	O
au	O
Conseiller	B-pers
fédéral	I-pers
Chaudet	I-pers
une	O
respectueuse	O
mais	O
cordiale	O
bienvenue	O
à	O
La	B-loc
Chaux	I-loc
-	I-loc
de	I-loc
-	I-loc
Fonds	I-loc
.	O

Nous	O
osons	O
espérer	O
qu	O
'	O
il	O
passera	O
quelques	O
agréables	O
instants	O
dans	O
notre	O
ville	O
,	O
qu	O
'	O
il	O
connaît	O
déjà	O
pour	O
y	O
avoir	O
prononcé	O
—	O
on	O
s	O
'	O
en	O
souvient	O
—	O
une	O
remarquable	O
allocution	O
,	O
le	O
1	O
août	O
1956	O
.	O

Nul	O
doute	O
que	O
ce	O
soir	O
,	O
ils	O
seront	O
nombreux	O
ceux	O
qui	O
voudront	O
entendre	O
le	O
chef	O
du	O
Département	O
militaire	O
fédéral	O
—	O
qu	O
'	O
accompagneront	O
le	O
Conseiller	O
d	O
'	O
Etat	O
et	O
aux	O
Etats	O
Jean	O
-	O
Louis	O
Barrelet	O
et	O
M	O
.	O
Jules	O
Favre	O
,	O
vice	O
-	O
président	O
de	O
l	O
'	O
ANEP	O
—	O
et	O
lui	O
prouver	O
,	O
par	O
leur	O
présence	O
,	O
leur	O
confiance	O
dans	O
notre	O
gouvernement	O
fédéral	O
.	O

«	O
L	O
'	O
IMPARTIAL	O
»	O
.	O

Marie	B-pers
-	I-pers
Laure	I-pers
et	O
Virginie	B-pers
libérées	O
Les	O
deux	O
fillettes	O
remises	O
à	O
leur	O
père	O
en	O
Libye	B-loc
Plus	O
d	O
'	O
un	O
an	O
après	O
avoir	O
été	O
enlevées	O
en	O
Méditerranée	O
avec	O
leur	O
mère	O
Jacqueline	O
Valente	O
et	O
cinq	O
Belges	O
par	O
le	O
groupe	O
palestinien	O
dissident	O
Fatah	O
-	O
CR	O
d	O
'	O
Abou	O
Nidal	O
,	O
deux	O
petites	O
Françaises	O
,	O
Marie	O
-	O
Laure	O
et	O
Virginie	O
,	O
âgées	O
de	O
7	O
et	O
5	O
ans	O
,	O
ont	O
retrouvé	O
la	O
liberté	O
hier	O
.	O

Les	O
deux	O
fillettes	O
,	O
après	O
avoir	O
été	O
libérées	O
par	O
leurs	O
ravisseurs	O
hier	O
à	O
Benghazi	O
(	O
Libye	O
)	O
,	O
ont	O
été	O
remises	O
le	O
jour	O
même	O
à	O
leur	O
père	O
Pascal	O
Bétille	O
à	O
Tripoli	O
,	O
où	O
les	O
attendait	O
également	O
l	O
'	O
ambassadeur	O
français	O
Léon	O
Bouvier	O
,	O
avant	O
d	O
'	O
être	O
rapatriées	O
.	O

Elles	O
sont	O
arrivées	O
en	O
France	B-loc
hier	O
soir	O
par	O
avion	O
spécial	O
qui	O
s	O
'	O
est	O
posé	O
sur	O
la	O
base	O
militaire	O
d	O
'	O
Istres	O
.	O

Selon	O
l	O
'	O
agence	O
de	O
presse	O
libyenne	O
Jana	O
,	O
les	O
deux	O
enfants	O
sont	O
«	O
en	O
bonne	O
santé	O
»	O
.	O

Leur	O
libération	O
intervient	O
après	O
un	O
suspense	O
de	O
six	O
jours	O
au	O
cours	O
desquels	O
les	O
promesses	O
contradictoires	O
des	O
ravisseurs	O
s	O
'	O
étaient	O
tipliées	O
,	O
portant	O
l	O
'	O
angoisse	O
de	O
la	O
famille	O
au	O
paroxysme	O
.	O

M	B-pers
.	I-pers
Bouvier	I-pers
et	O
M	B-pers
.	I-pers
Bétille	I-pers
(	O
exmari	O
de	O
Jacqueline	O
Valente	O
)	O
se	O
trouvaient	O
depuis	O
mercredi	O
à	O
Tripoli	O
,	O
où	O
avaient	O
également	O
atterri	O
deux	O
avions	O
du	O
gouvernement	O
français	O
avec	O
à	O
bord	O
une	O
infirmière	O
et	O
des	O
responsables	O
du	O
espionnage	O
français	O
,	O
dont	O
Jean	O
-	O
Charles	O
Marchiani	O
,	O
qui	O
participa	O
dans	O
le	O
passé	O
aux	O
tractations	O
ayant	O
abouti	O
à	O
la	O
libération	O
d	O
'	O
autres	O
otages	O
français	O
au	O
Liban	O
.	O

APPEL	O
DE	O
KADHAFI	B-pers
Le	O
groupe	O
Abou	B-org
Nidal	I-org
avait	O
annoncé	O
samedi	O
dernier	O
à	O
Beyrouth	B-loc
la	O
libération	O
imminente	O
des	O
deux	O
fillettes	O
,	O
à	O
l	O
'	O
appel	O
du	O
dirigeant	O
libyen	O
Mouammar	O
Kadhafi	O
,	O
pour	O
ensuite	O
laisser	O
durer	O
le	O
suspense	O
.	O

La	O
grand	O
-	O
mère	O
de	O
Marie	B-pers
-	I-pers
Laure	I-pers
et	O
Virginie	B-pers
,	O
Mme	O
Brigitte	O
Valente	O
,	O
ainsi	O
que	O
leur	O
père	O
,	O
M	O
.	O
Pascal	O
Bétille	O
,	O
s	O
'	O
étaient	O
déplacés	O
samedi	O
à	O
Beyrouth	O
dans	O
l	O
'	O
attente	O
de	O
la	O
libération	O
,	O
mais	O
avaient	O
dû	O
rentrer	O
en	O
France	O
lundi	O
sans	O
qu	O
'	O
elle	O
se	O
soit	O
produite	O
,	O
(	O
ats	O
,	O
afp	O
)	O

Proche	B-loc
-	I-loc
Orient	I-loc
Les	O
pourparlers	O
font	O
chou	O
blanc	O
Le	O
processus	O
de	O
paix	O
au	O
Proche	B-loc
-	I-loc
Orient	I-loc
reste	O
dans	O
l	O
'	O
impasse	O
.	O

Le	O
président	B-pers
palestinien	I-pers
,	O
Yasser	O
Arafat	O
,	O
a	O
annoncé	O
hier	O
la	O
fin	O
des	O
pourparlers	O
entamés	O
avec	O
Israël	O
.	O

Autre	O
obstacle	O
à	O
la	O
paix	O
:	O
le	O
parlement	O
israélien	B-loc
a	O
adopté	O
une	O
proposition	O
de	O
loi	O
rejetant	O
toute	O
concession	O
sur	O
la	O
question	O
de	O
la	O
restitution	O
du	O
Golan	B-loc
à	O
la	O
Syrie	B-loc
.	O

«	O
Les	B-prod
rencontres	I-prod
bilatérales	I-prod
sont	O
terminées	O
»	O
,	O
a	O
lancé	O
Yasser	O
Arafat	O
aux	O
journalistes	O
à	O
Gaza	O
.	O

Israéliens	B-loc
et	O
Palestiniens	B-loc
ont	O
tenu	O
depuis	O
dimanche	B-time
trois	O
rencontres	O
bilatérales	O
,	O
les	O
premières	O
depuis	O
plus	O
de	O
deux	O
mois	O
.	O

Israël	B-loc
a	O
affirmé	O
que	O
certains	O
progrès	O
ont	O
été	O
réalisés	O
sur	O
la	O
question	O
clé	O
d	O
'	O
un	O
retrait	O
partiel	O
de	O
Cisjordanie	O
.	O

Mais	O
les	O
Palestiniens	B-loc
ont	O
aussitôt	O
démenti	O
:	O
«	O
La	O
partie	O
israélienne	B-loc
a	O
réitéré	O
ses	O
positions	O
précédentes	O
et	O
n	O
'	O
a	O
rien	O
apporté	O
de	O
nouveau	O
»	O
,	O
a	O
ainsi	O
déclaré	O
le	O
porte	O
-	O
parole	O
de	O
Yasser	O
Arafat	O
.	O

Pour	O
tenter	O
une	O
nouvelle	O
fois	O
de	O
débloquer	O
le	O
processus	O
de	O
paix	O
,	O
dans	O
l	O
'	O
impasse	O
depuis	O
seize	O
mois	O
,	O
Washington	O
a	O
proposé	O
une	O
évacuation	O
de	O
13,1	O
%	O
de	O
la	O
Cisjordanie	O
.	O

Les	O
Israéliens	B-loc
ont	O
refusé	O
.	O

Les	O
Palestiniens	B-loc
l	O
'	O
ont	O
acceptée	O
.	O

La	O
situation	O
est	O
également	O
bloquée	O
avec	O
la	O
Syrie	B-loc
,	O
/	O
afp	O
-	O
reuter	O

Stéphane	B-pers
Joly	I-pers
jette	O
l	O
’	O
éponge	O
ATHLÉTISME	O
Reconverti	O
sur	O
la	O
distance	O
des	O
42,195	O
km	O
,	O
le	O
triple	O
champion	O
de	O
Suisse	O
de	O
cross	O
Stéphane	O
Joly	O
a	O
joué	O
son	O
va	O
-	O
tout	O
au	O
marathon	O
de	O
Hambourg	O
.	O

Tentant	O
d	O
’	O
accrocher	O
la	O
limite	O
pour	O
les	O
Jeux	B-prod
olympiques	I-prod
de	O
Pékin	B-loc
(	O
2	O
h	O
13	O
’	O
30	O
)	O
,	O
le	O
Jurassien	O
du	O
Stade	O
Genève	O
est	O
parti	O
très	O
fort	O
(	O
1	O
h	O
06	O
’	O
03	O
au	O
semi	O
)	O
,	O
avant	O
de	O
jeter	O
l	O
’	O
éponge	O
après	O
le	O
35	O
e	O
km	O
.	O

Le	O
citoyen	O
des	O
Breuleux	B-loc
était	O
encore	O
parfaitement	O
dans	O
les	O
temps	B-time
au	O
30	B-time
e	I-time
(	O
1	B-time
h	I-time
34	I-time
’	I-time
26	I-time
)	O
,	O
puis	O
il	O
a	O
baissé	O
pavillon	O
.	O

S	O
’	O
il	O
n	O
’	O
est	O
pas	O
arrivé	O
à	O
ses	O
fins	O
,	O
reste	O
que	O
son	O
temps	O
de	O
passage	O
à	O
mi	O
-	O
course	O
est	O
d	O
’	O
une	O
minute	O
et	O
demie	O
inférieur	O
au	O
chrono	O
qui	O
a	O
permis	O
récemment	O
à	O
Patrick	O
Wieser	O
de	O
devenir	O
champion	O
de	O
Suisse	O
de	O
semi	O
-	O
marathon	O
!	O

La	O
course	O
,	O
qui	O
a	O
attiré	O
23	O
000	O
participants	O
,	O
a	O
été	O
gagnée	O
par	O
le	O
Kényan	O
Daid	O
Mandago	O
en	O
2	O
h	O
07	O
’	O
23	O
,	O
devant	O
son	O
compatriote	O
Wilfred	O
Kigen	O
à	O
25	O
’	O
’	O
.	O

Chez	O
les	O
dames	O
,	O
la	O
Russe	O
Irina	O
Timofeeva	O
a	O
établi	O
un	O
nouveau	O
record	O
du	O
parcours	O
en	O
2	O
h	O
24	O
’	O
14	O
,	O
laissant	O
la	O
Kényane	O
Pamela	O
Chepchumba	O
à	O
plus	O
d	O
’	O
un	O
kilomètre	O
.	O

Le	O
Kényan	B-loc
Abel	B-pers
Kirui	I-pers
a	O
pour	O
sa	O
part	O
remporté	O
le	O
marathon	O
de	O
Vienne	B-loc
en	O
2	O
h	O
07	O
’	O
38	O
(	O
record	O
de	O
l	O
’	O
épreuve	O
)	O
,	O
devant	O
ses	O
compatriotes	O
Duncan	O
Kibet	O
et	O
Paul	O
Biwott	O
.	O

La	O
Roumaine	B-loc
Luminata	B-pers
Talpos	I-pers
(	O
2	O
h	O
26	O
’	O
43	O
)	O
s	O
’	O
est	O
montrée	O
la	O
plus	O
rapide	O
chez	O
les	O
dames	O
.	O

/	O
si	O
STÉPHANE	B-pers
JOLY	I-pers
Essayé	O
pas	O
pu	O
.	O

(	O
ARCHIVES	B-org
)	O

Une	O
solution	O
pour	O
tout	O
le	O
système	O
bancaire	O
suisse	B-loc
,	O
selon	O
la	O
BNS	O
Le	O
plan	O
de	O
soutien	O
à	O
l	O
’	O
UBS	O
annoncé	O
hier	O
permet	O
non	O
seulement	O
de	O
renforcer	O
la	O
grande	O
banque	O
mais	O
aussi	O
de	O
solidifier	O
tout	O
le	O
système	O
bancaire	O
suisse	B-loc
,	O
explique	O
la	O
Banque	O
nationale	O
suisse	B-loc
(	O
BNS	O
)	O
.	O

L	O
’	O
UBS	B-org
représente	O
à	O
elle	O
seule	O
un	O
tiers	O
des	O
opérations	O
interbancaires	O
du	O
pays	O
.	O

L	B-org
’	I-org
UBS	I-org
est	O
,	O
en	O
tant	O
que	O
contrepartie	O
,	O
une	O
pièce	O
essentielle	O
du	O
système	O
bancaire	O
suisse	O
.	O

En	O
tenant	O
compte	O
du	O
Credit	B-org
Suisse	I-org
(	O
CS	B-org
)	O
,	O
la	O
part	O
des	O
deux	O
grandes	O
banques	O
aux	O
opérations	O
interbancaires	O
suisses	O
dépasse	O
les	O
50	O
%	O
,	O
a	O
expliqué	O
le	O
vice	O
-	O
président	O
de	O
la	O
BNS	O
hier	O
à	O
Berne	O
devant	O
la	O
presse	O
.	O

«	O
Il	O
était	O
de	O
ce	O
fait	O
aussi	O
important	O
que	O
le	O
CS	B-org
annonce	O
parallèlement	O
un	O
net	O
renforcement	O
de	O
ses	O
fonds	O
propres	O
»	O
,	O
a	O
ajouté	O
Philippe	O
Hildebrand	O
.	O

Avec	O
les	O
mesures	O
annoncées	O
de	O
part	O
et	O
d	O
’	O
autre	O
,	O
les	O
deux	O
grandes	O
banques	O
suisses	O
sont	O
aujourd	O
’	O
hui	O
dans	O
une	O
situation	O
«	O
très	O
confortable	O
»	O
.	O

Si	O
le	O
système	O
est	O
solide	O
,	O
la	O
confiance	O
est	O
rétablie	O
.	O

Cela	O
permet	O
aux	O
autres	O
banques	O
,	O
notamment	O
celles	O
qui	O
ont	O
un	O
afflux	O
de	O
liquidités	O
,	O
comme	O
les	O
banques	O
cantonales	O
,	O
de	O
reprendre	O
part	O
au	O
marché	O
interbancaire	O
,	O
a	O
expliqué	O
le	O
numéro	O
2	O
de	O
la	O
BNS	O
.	O

Autrement	O
dit	O
,	O
l	O
’	O
opération	O
de	O
soutien	O
à	O
l	O
’	O
UBS	O
est	O
moins	O
«	O
une	O
solution	O
pour	O
une	O
banque	O
»	O
qu	O
’	O
une	O
«	O
solution	O
à	O
un	O
problème	O
du	O
système	O
»	O
bancaire	O
dans	O
son	O
ensemble	O
.	O

A	O
la	O
question	O
de	O
savoir	O
si	O
la	O
Suisse	B-loc
était	O
en	O
train	O
de	O
suivre	O
l	O
’	O
exemple	O
de	O
l	O
’	O
Islande	O
,	O
Jean	O
-	O
Pierre	O
Roth	O
,	O
président	O
de	O
la	O
BNS	O
,	O
a	O
répondu	O
avec	O
un	O
brin	O
d	O
’	O
ironie	O
que	O
la	O
situation	O
suisse	O
n	O
’	O
était	O
en	O
aucun	O
cas	O
comparable	O
,	O
«	O
si	O
ce	O
que	O
la	O
Suisse	O
est	O
aussi	O
une	O
île	O
»	O
à	O
un	O
certain	O
degré	O
.	O

Le	O
Credit	B-org
Suisse	I-org
a	O
renoncé	O
à	O
l	O
’	O
aide	O
de	O
l	O
’	O
Etat	B-org
.	O

Mais	O
la	O
BNS	B-org
serait	O
a	O
priori	O
et	O
si	O
nécessaire	O
prête	O
à	O
l	O
’	O
aider	O
aussi	O
,	O
selon	O
Jean	O
-	O
Pierre	O
Roth	O
.	O

«	O
Nous	O
sommes	O
là	O
pour	O
toute	O
la	O
famille	O
»	O
,	O
a	O
-	O
t	O
-	O
il	O
ajouté	O
,	O
en	O
relevant	O
que	O
les	O
enfants	O
sont	O
«	O
tous	O
différents	O
»	O
.	O

De	O
manière	O
plus	O
générale	O
,	O
la	O
situation	O
des	O
marchés	O
financiers	O
a	O
connu	O
un	O
changement	O
dramatique	O
ces	O
deux	O
dernières	O
semaines	O
,	O
du	O
fait	O
des	O
craintes	O
de	O
glissement	O
de	O
la	O
conjoncture	O
mondiale	O
dans	O
la	O
récession	O
.	O

«	O
C	O
’	O
est	O
aussi	O
pour	O
contrer	O
cette	O
tendance	O
que	O
la	O
BNS	B-org
a	O
participé	O
la	O
semaine	O
dernière	O
à	O
la	O
baisse	O
coordonnée	O
,	O
par	O
plusieurs	O
banques	O
centrales	O
,	O
de	O
leurs	O
taux	O
directeurs	O
.	O
»	O
Les	O
mesures	O
annoncées	O
hier	O
sont	O
donc	O
préventives	O
.	O

Elles	O
sont	O
d	O
’	O
autant	O
plus	O
efficaces	O
,	O
selon	O
les	O
responsables	O
de	O
la	O
BNS	O
,	O
«	O
qu	O
’	O
il	O
ne	O
s	O
’	O
agit	O
pas	O
de	O
déclarations	O
d	O
’	O
intention	O
»	O
mais	O
de	O
«	O
mesures	O
effectives	O
(	O
.	O
.	O
.	O
)	O
avec	O
des	O
contrats	O
signés	O
»	O
.	O

/	O
ats	O

«	O
JE	O
NE	O
SUIS	O
PAS	O
RACISTE	O
»	O
,	O
AFFIRME	O
DONALD	O
TRUMP	O
Le	O
président	O
américain	O
Donald	O
Trump	O
s	O
’	O
est	O
défendu	O
,	O
dimanche	O
,	O
d	O
’	O
être	O
raciste	O
malgré	O
ses	O
propos	O
sur	O
les	O
migrants	O
venant	O
d	O
’	O
Haïti	O
et	O
d	O
’	O
Afrique	O
.	O

Il	O
a	O
té	O
qu	O
’	O
il	O
était	O
prêt	O
à	O
conclure	O
un	O
accord	O
pour	O
protéger	O
les	O
migrants	O
arrivés	O
aux	O
Etats	B-loc
-	I-loc
Unis	I-loc
quand	O
ils	O
étaient	O
mineurs	O
.	O

Le	O
président	O
des	O
Etats	B-loc
-	I-loc
Unis	I-loc
était	O
interrogé	O
par	O
un	O
journaliste	O
en	O
Floride	B-loc
,	O
après	O
le	O
tollé	O
suscité	O
par	O
ses	O
propos	O
tenus	O
jeudi	O
dernier	O
,	O
lors	O
d	O
’	O
une	O
réunion	O
à	O
huis	O
clos	O
avec	O
des	O
parlementaires	O
.	O

Il	O
avait	O
qualifié	O
les	O
pays	O
africains	O
et	O
Haïti	B-loc
,	O
dont	O
proviennent	O
des	O
immigrants	O
,	O
de	O
«	O
pays	O
de	O
merde	O
»	O
,	O
selon	O
un	O
sénateur	O
présent	O
.	O

«	O
Non	O
,	O
je	O
ne	O
suis	O
pas	O
raciste	O
.	O
Je	O
suis	O
la	O
personne	O
la	O
moins	O
raciste	O
que	O
vous	O
ayez	O
jamais	O
interviewée	O
»	O
,	O
a	O
déclaré	O
Donald	O
Trump	O
dimanche	O
.	O

«	O
Rétractation	O
»	O
exigée	O
Les	O
propos	O
du	O
45	B-pers
e	I-pers
président	I-pers
des	I-pers
Etats	I-pers
-	I-pers
Unis	I-pers
ont	O
provoqué	O
une	O
vague	O
d	O
’	O
indignation	O
mondiale	O
.	O

D	O
’	O
une	O
même	O
voix	O
,	O
dans	O
un	O
langage	O
d	O
’	O
une	O
rare	O
dureté	O
,	O
les	O
54	O
ambassadeurs	O
du	O
groupe	O
africain	O
à	O
l	O
’	O
ONU	O
ont	O
condamné	O
des	O
«	O
remarques	O
scandaleuses	O
,	O
racistes	O
et	O
xénophobes	O
»	O
et	O
ont	O
exigé	O
une	O
«	O
rétractation	O
»	O
.	O

Le	O
Sénégal	B-loc
et	O
le	O
Botswana	B-loc
ont	O
convoqué	O
chacun	O
l	O
’	O
ambassadeur	O
américain	O
.	O

Le	O
gouvernement	O
haïtien	B-loc
a	O
lui	O
dénoncé	O
des	O
propos	O
«	O
odieux	O
et	O
abjects	O
»	O
qui	O
,	O
s	O
’	O
ils	O
étaient	O
avérés	O
,	O
seraient	O
à	O
tous	O
égards	O
«	O
inacceptables	O
,	O
car	O
ils	O
refléteraient	O
une	O
vision	O
simpliste	O
et	O
raciste	O
»	O
.	O

